,@timestamp,logtype,system,loghost,hostname,envname,procname,procid,module,keywname,keywvalue,keywmask,logtext,errstack,errstackidx,errlocation,errseverity
0,2020-02-05T11:22:15.167,LOG,GRAVITY,wgv,wgv,wgv,bob_ins,146,seq,,,,OB aborted after 1668 seconds at 2020-02-05T09:32:59,0,0,,
1,2020-02-05T12:17:19.812,LOG,GRAVITY,wgv,wgv,wgv,bob_ins,146,seq,,,,OB started at 2020-02-05T12:17:19,0,0,,
2,2020-02-05T12:17:19.812,LOG,GRAVITY,wgv,wgv,wgv,bob_ins,146,seq,,,,(OBS.NAME: Calibration // OBS.ID: 200385148),0,0,,
3,2020-02-01T01:50:04.151,LOG,GRAVITY,wgv,wgv,wgv,bob_38430,87,seq,,,,OB started at 2020-02-01T01:50:04,0,0,,
4,2020-02-01T01:50:04.151,LOG,GRAVITY,wgv,wgv,wgv,bob_38430,87,seq,,,,(OBS.NAME: SCI_Betelgeuse_GRAVITY_Medium_HIGH-SPLIT_FT // OBS.ID: 2700570),0,0,,
5,2020-02-04T13:37:58.998,LOG,GRAVITY,wgv,wgv,wgv,bob_48642,55,seq,,,,OB started at 2020-02-04T13:37:58,0,0,,
6,2020-02-04T13:37:58.998,LOG,GRAVITY,wgv,wgv,wgv,bob_48642,55,seq,,,,(OBS.NAME: ToO calibrations // OBS.ID: 200385148),0,0,,
7,2020-02-04T13:20:56.729,LOG,GRAVITY,wgv,wgv,wgv,bob_ins,244,seq,,,,OB started at 2020-02-04T13:20:56,0,0,,
8,2020-02-04T13:20:56.730,LOG,GRAVITY,wgv,wgv,wgv,bob_ins,244,seq,,,,(OBS.NAME: ToO calibrations // OBS.ID: 200385148),0,0,,
9,2020-02-04T13:24:02.171,LOG,GRAVITY,wgv,wgv,wgv,bob_ins,244,seq,,,,OB aborted after 182 seconds at 2020-02-04T13:23:58,0,0,,
10,2020-02-04T13:46:29.768,LOG,GRAVITY,wgv,wgv,wgv,bob_48642,55,seq,,,,OB finished (TERMINATED) in 511 seconds at 2020-02-04T13:46:29,0,0,,
11,2020-02-01T02:29:19.204,LOG,GRAVITY,wgv,wgv,wgv,bob_38430,87,seq,,,,(OBS.NAME: CAL_HD39400_GRAVITY_Medium_HIGH-SPLIT_FT // OBS.ID: 2700573),0,0,,
12,2020-02-04T19:42:45.502,LOG,GRAVITY,wgv,wgv,wgv,bob_20080,155,seq,,,,OB paused at 2020-02-04T19:42:45,0,0,,
13,2020-02-04T19:42:49.048,LOG,GRAVITY,wgv,wgv,wgv,bob_20080,155,seq,,,,OB continued at 2020-02-04T19:42:49,0,0,,
14,2020-02-04T19:32:16.486,LOG,GRAVITY,wgv,wgv,wgv,bob_20080,155,seq,,,,OB started at 2020-02-04T19:32:16,0,0,,
15,2020-02-04T12:41:50.197,LOG,GRAVITY,wgv,wgv,wgv,bob_ins,244,seq,,,,OB started at 2020-02-04T12:41:50,0,0,,
16,2020-02-04T13:10:47.686,LOG,GRAVITY,wgv,wgv,wgv,bob_ins,244,seq,,,,OB started at 2020-02-04T13:10:47,0,0,,
17,2020-02-04T13:10:47.686,LOG,GRAVITY,wgv,wgv,wgv,bob_ins,244,seq,,,,(OBS.NAME: ToO calibrations // OBS.ID: 200385148),0,0,,
18,2020-02-04T12:21:13.114,LOG,GRAVITY,wgv,wgv,wgv,bob_ins,244,seq,,,,(OBS.NAME: ToO calibrations // OBS.ID: 200385148),0,0,,
19,2020-02-04T12:20:32.991,LOG,GRAVITY,wgv,wgv,wgv,bob_ins,244,seq,,,,OB aborted after 176 seconds at 2020-02-04T09:44:23,0,0,,
20,2020-02-04T12:24:18.928,LOG,GRAVITY,wgv,wgv,wgv,bob_ins,244,seq,,,,OB aborted after 177 seconds at 2020-02-04T12:24:10,0,0,,
21,2020-02-01T08:11:42.550,LOG,GRAVITY,wgv,wgv,wgv,bob_22481,228,seq,,,,OB started at 2020-02-01T08:11:42,0,0,,
22,2020-02-05T00:19:23.496,LOG,GRAVITY,wgv,wgv,wgv,bob_20080,155,seq,,,,OB started at 2020-02-05T00:19:23,0,0,,
23,2020-02-05T00:19:23.496,LOG,GRAVITY,wgv,wgv,wgv,bob_20080,155,seq,,,,(OBS.NAME: CAL_HD32436 // OBS.ID: 2744983),0,0,,
24,2020-02-01T08:36:30.708,LOG,GRAVITY,wgv,wgv,wgv,bob_22481,228,seq,,,,(OBS.NAME: SCI_HD_95767_GRAVITY_medium_HIGH-COMBINED // OBS.ID: 2536646),0,0,,
25,2020-02-05T14:11:40.977,LOG,GRAVITY,wgv,wgv,wgv,bob_ins,146,seq,,,,OB started at 2020-02-05T14:11:40,0,0,,
26,2020-02-05T14:11:40.977,LOG,GRAVITY,wgv,wgv,wgv,bob_ins,146,seq,,,,(OBS.NAME: Calibration // OBS.ID: -1),0,0,,
27,2020-02-05T14:10:32.991,LOG,GRAVITY,wgv,wgv,wgv,bob_ins,146,seq,,,,OB started at 2020-02-05T14:10:32,0,0,,
28,2020-02-05T14:10:37.265,LOG,GRAVITY,wgv,wgv,wgv,bob_ins,146,seq,,,,OB aborted after 1 seconds at 2020-02-05T14:10:33,0,0,,
29,2020-02-01T08:55:21.996,LOG,GRAVITY,wgv,wgv,wgv,bob_22481,228,seq,,,,OB paused at 2020-02-01T08:55:21,0,0,,
30,2020-02-01T08:57:59.761,LOG,GRAVITY,wgv,wgv,wgv,bob_22481,228,seq,,,,OB continued at 2020-02-01T08:57:59,0,0,,
31,2020-02-06T23:56:50.459,LOG,GRAVITY,wgv,wgv,wgv,bob_34347,164,seq,,,,ACK ABORT (red),0,0,,
32,2020-02-06T23:56:58.983,LOG,GRAVITY,wgv,wgv,wgv,bob_34347,164,seq,,,,(OBS.NAME: SCI_Betelgeuse_GRAVITY_Small_HIGH-SPLIT_FT // OBS.ID: 2700428),0,0,,
33,2020-02-06T23:59:54.492,LOG,GRAVITY,wgv,wgv,wgv,bob_34347,164,seq,,,,OB aborted after 138 seconds at 2020-02-06T23:59:16,0,0,,
34,2020-02-06T23:56:09.420,LOG,GRAVITY,wgv,wgv,wgv,bob_34347,164,seq,,,,OB started at 2020-02-06T23:56:09,0,0,,
35,2020-02-06T22:44:55.793,LOG,GRAVITY,wgv,wgv,wgv,bob_34347,164,seq,,,,OB finished (TERMINATED) in 4731 seconds at 2020-02-06T22:44:55,0,0,,
36,2020-02-01T08:11:32.827,LOG,GRAVITY,wgv,wgv,wgv,bob_22481,228,seq,,,,OB finished (TERMINATED) in 1788 seconds at 2020-02-01T08:11:32,0,0,,
37,2020-02-01T08:35:23.835,LOG,GRAVITY,wgv,wgv,wgv,bob_22481,228,seq,,,,OB finished (TERMINATED) in 1421 seconds at 2020-02-01T08:35:23,0,0,,
38,2020-02-05T20:03:40.368,LOG,GRAVITY,wgv,wgv,wgv,bob_39421,205,seq,,,,OB finished (TERMINATED) in 3662 seconds at 2020-02-05T20:03:40,0,0,,
39,2020-02-05T19:02:38.943,LOG,GRAVITY,wgv,wgv,wgv,bob_39421,205,seq,,,,OB started at 2020-02-05T19:02:38,0,0,,
40,2020-02-05T19:02:38.943,LOG,GRAVITY,wgv,wgv,wgv,bob_39421,205,seq,,,,(OBS.NAME: Calibration // OBS.ID: -1),0,0,,
41,2020-02-06T13:10:43.587,LOG,GRAVITY,wgv,wgv,wgv,bob_ins,173,seq,,,,OB started at 2020-02-06T13:10:43,0,0,,
42,2020-02-02T22:15:17.292,LOG,GRAVITY,wgv,wgv,wgv,bob_47558,149,seq,,,,OB finished (TERMINATED) in 438 seconds at 2020-02-02T22:15:17,0,0,,
43,2020-02-02T22:15:17.355,LOG,GRAVITY,wgv,wgv,wgv,bob_47558,149,seq,,,,(OBS.NAME: Calibration // OBS.ID: 200385148),0,0,,
44,2020-02-02T20:52:48.852,LOG,GRAVITY,wgv,wgv,wgv,bob_47558,149,seq,,,,(OBS.NAME: Calibration // OBS.ID: -1),0,0,,
45,2020-02-02T22:51:55.891,LOG,GRAVITY,wgv,wgv,wgv,bob_47558,149,seq,,,,OB finished (TERMINATED) in 2198 seconds at 2020-02-02T22:51:55,0,0,,
46,2020-02-03T01:09:56.911,LOG,GRAVITY,wgv,wgv,wgv,bob_47558,149,seq,,,,OB paused at 2020-02-03T01:09:56,0,0,,
47,2020-02-04T07:09:58.552,LOG,GRAVITY,wgv,wgv,wgv,bob_5083,150,seq,,,,OB paused at 2020-02-04T07:09:58,0,0,,
48,2020-02-03T03:32:05.624,LOG,GRAVITY,wgv,wgv,wgv,bob_47558,149,seq,,,,OB started at 2020-02-03T03:32:05,0,0,,
49,2020-02-04T08:36:05.470,LOG,GRAVITY,wgv,wgv,wgv,bob_5083,150,seq,,,,(OBS.NAME: No-Name // OBS.ID: 2760143),0,0,,
50,2020-02-03T04:03:46.148,LOG,GRAVITY,wgv,wgv,wgv,bob_47558,149,seq,,,,OB started at 2020-02-03T04:03:46,0,0,,
51,2020-02-03T04:28:37.786,LOG,GRAVITY,wgv,wgv,wgv,bob_47558,149,seq,,,,OB finished (TERMINATED) in 1491 seconds at 2020-02-03T04:28:37,0,0,,
52,2020-02-05T11:23:48.980,LOG,GRAVITY,wgv,wgv,wgv,bob_ins,146,seq,,,,(OBS.NAME: ToO calibrations // OBS.ID: 200385148),0,0,,
53,2020-02-04T08:52:44.511,LOG,GRAVITY,wgv,wgv,wgv,bob_5083,150,seq,,,,OB finished (TERMINATED) in 999 seconds at 2020-02-04T08:52:44,0,0,,
54,2020-02-04T08:57:21.562,LOG,GRAVITY,wgv,wgv,wgv,bob_5083,150,seq,,,,OB continued at 2020-02-04T08:57:21,0,0,,
55,2020-02-05T00:47:32.985,LOG,GRAVITY,wgv,wgv,wgv,bob_20080,155,seq,,,,OB finished (TERMINATED) in 943 seconds at 2020-02-05T00:47:32,0,0,,
56,2020-02-05T00:47:42.840,LOG,GRAVITY,wgv,wgv,wgv,bob_20080,155,seq,,,,OB started at 2020-02-05T00:47:42,0,0,,
57,2020-02-05T00:47:42.840,LOG,GRAVITY,wgv,wgv,wgv,bob_20080,155,seq,,,,(OBS.NAME: SCI_T_Lep // OBS.ID: 2744977),0,0,,
58,2020-02-05T00:51:31.655,LOG,GRAVITY,wgv,wgv,wgv,bob_20080,155,seq,,,,OB started at 2020-02-05T00:51:31,0,0,,
59,2020-02-05T01:48:25.585,LOG,GRAVITY,wgv,wgv,wgv,bob_20080,155,seq,,,,OB started at 2020-02-05T01:48:25,0,0,,
60,2020-02-05T01:59:40.384,LOG,GRAVITY,wgv,wgv,wgv,bob_20080,155,seq,,,,OB finished (TERMINATED) in 675 seconds at 2020-02-05T01:59:40,0,0,,
61,2020-02-05T15:35:44.444,LOG,GRAVITY,wgv,wgv,wgv,bob_ins,146,seq,,,,OB finished (TERMINATED) in 5044 seconds at 2020-02-05T15:35:44,0,0,,
62,2020-02-05T07:33:13.611,LOG,GRAVITY,wgv,wgv,wgv,bob_20080,155,seq,,,,(OBS.NAME: SCI_IW_Car_GRAVITY_medium_LOW-COMBINED // OBS.ID: 2533291),0,0,,
63,2020-02-05T07:46:41.446,LOG,GRAVITY,wgv,wgv,wgv,bob_20080,155,seq,,,,OB paused at 2020-02-05T07:46:41,0,0,,
64,2020-02-05T08:26:15.147,LOG,GRAVITY,wgv,wgv,wgv,bob_20080,155,seq,,,,ACK ABORT (red),0,0,,
65,2020-02-05T08:26:28.663,LOG,GRAVITY,wgv,wgv,wgv,bob_20080,155,seq,,,,OB started at 2020-02-05T08:26:28,0,0,,
66,2020-02-01T02:29:19.204,LOG,GRAVITY,wgv,wgv,wgv,bob_38430,87,seq,,,,OB started at 2020-02-01T02:29:19,0,0,,
67,2020-02-01T02:29:10.645,LOG,GRAVITY,wgv,wgv,wgv,bob_38430,87,seq,,,,OB finished (TERMINATED) in 2346 seconds at 2020-02-01T02:29:10,0,0,,
68,2020-02-01T02:47:15.991,LOG,GRAVITY,wgv,wgv,wgv,bob_22481,228,seq,,,,OB started at 2020-02-01T02:47:15,0,0,,
69,2020-02-01T02:47:15.991,LOG,GRAVITY,wgv,wgv,wgv,bob_22481,228,seq,,,,(OBS.NAME: CAL_HD39400_GRAVITY_Medium_HIGH-SPLIT_FT // OBS.ID: 2700573),0,0,,
70,2020-02-01T02:59:21.479,LOG,GRAVITY,wgv,wgv,wgv,bob_22481,228,seq,,,,OB finished (TERMINATED) in 726 seconds at 2020-02-01T02:59:21,0,0,,
71,2020-02-05T00:31:31.810,LOG,GRAVITY,wgv,wgv,wgv,bob_20080,155,seq,,,,OB finished (TERMINATED) in 728 seconds at 2020-02-05T00:31:31,0,0,,
72,2020-02-05T00:31:49.713,LOG,GRAVITY,wgv,wgv,wgv,bob_20080,155,seq,,,,OB started at 2020-02-05T00:31:49,0,0,,
73,2020-02-04T20:12:09.392,LOG,GRAVITY,wgv,wgv,wgv,bob_20080,155,seq,,,,OB continued at 2020-02-04T20:12:09,0,0,,
74,2020-02-05T01:48:25.585,LOG,GRAVITY,wgv,wgv,wgv,bob_20080,155,seq,,,,(OBS.NAME: CAL_HD29085 // OBS.ID: 2744974),0,0,,
75,2020-02-05T01:37:13.784,LOG,GRAVITY,wgv,wgv,wgv,bob_20080,155,seq,,,,OB started at 2020-02-05T01:37:13,0,0,,
76,2020-02-01T07:41:44.160,LOG,GRAVITY,wgv,wgv,wgv,bob_22481,228,seq,,,,OB started at 2020-02-01T07:41:44,0,0,,
77,2020-02-01T07:41:44.161,LOG,GRAVITY,wgv,wgv,wgv,bob_22481,228,seq,,,,(OBS.NAME: SCI_HD_95767_GRAVITY_medium_HIGH-COMBINED // OBS.ID: 2536646),0,0,,
78,2020-02-05T00:19:00.244,LOG,GRAVITY,wgv,wgv,wgv,bob_20080,155,seq,,,,OB finished (TERMINATED) in 1144 seconds at 2020-02-05T00:19:00,0,0,,
79,2020-02-05T01:25:10.626,LOG,GRAVITY,wgv,wgv,wgv,bob_20080,155,seq,,,,OB started at 2020-02-05T01:25:10,0,0,,
80,2020-02-05T01:06:40.619,LOG,GRAVITY,wgv,wgv,wgv,bob_20080,155,seq,,,,OB started at 2020-02-05T01:06:40,0,0,,
81,2020-02-01T08:11:42.550,LOG,GRAVITY,wgv,wgv,wgv,bob_22481,228,seq,,,,(OBS.NAME: CAL_HD_94186_GRAVITY_medium_HIGH-COMBINED // OBS.ID: 2536649),0,0,,
82,2020-02-01T08:36:30.708,LOG,GRAVITY,wgv,wgv,wgv,bob_22481,228,seq,,,,OB started at 2020-02-01T08:36:30,0,0,,
83,2020-02-06T13:02:29.414,LOG,GRAVITY,wgv,wgv,wgv,bob_ins,173,seq,,,,(OBS.NAME: ToO calibrations // OBS.ID: 200385148),0,0,,
84,2020-02-06T14:26:35.876,LOG,GRAVITY,wgv,wgv,wgv,bob_ins,173,seq,,,,OB finished (TERMINATED) in 4552 seconds at 2020-02-06T14:26:35,0,0,,
85,2020-02-04T08:12:51.077,LOG,GRAVITY,wgv,wgv,wgv,bob_5083,150,seq,,,,OB started at 2020-02-04T08:12:51,0,0,,
86,2020-02-04T08:14:06.302,LOG,GRAVITY,wgv,wgv,wgv,bob_5083,150,seq,,,,OB aborted after 44 seconds at 2020-02-04T08:13:35,0,0,,
87,2020-02-04T08:16:37.416,LOG,GRAVITY,wgv,wgv,wgv,bob_5083,150,seq,,,,OB aborted after 28 seconds at 2020-02-04T08:16:19,0,0,,
88,2020-02-04T08:23:20.260,LOG,GRAVITY,wgv,wgv,wgv,bob_5083,150,seq,,,,OB continued at 2020-02-04T08:23:20,0,0,,
89,2020-02-06T19:43:49.990,LOG,GRAVITY,wgv,wgv,wgv,bob_ins,173,seq,,,,OB started at 2020-02-06T19:43:49,0,0,,
90,2020-02-06T19:43:49.990,LOG,GRAVITY,wgv,wgv,wgv,bob_ins,173,seq,,,,(OBS.NAME: Calibration // OBS.ID: 200385148),0,0,,
91,2020-02-04T08:15:51.929,LOG,GRAVITY,wgv,wgv,wgv,bob_5083,150,seq,,,,OB started at 2020-02-04T08:15:51,0,0,,
92,2020-02-04T08:15:51.929,LOG,GRAVITY,wgv,wgv,wgv,bob_5083,150,seq,,,,(OBS.NAME: CAL_HD_100546 // OBS.ID: 2750347),0,0,,
93,2020-02-04T08:06:22.193,LOG,GRAVITY,wgv,wgv,wgv,bob_5083,150,seq,,,,OB paused at 2020-02-04T08:06:22,0,0,,
94,2020-02-04T08:52:50.020,LOG,GRAVITY,wgv,wgv,wgv,bob_5083,150,seq,,,,(OBS.NAME: SCI_HD_100546 // OBS.ID: 2750344),0,0,,
95,2020-02-02T22:15:17.355,LOG,GRAVITY,wgv,wgv,wgv,bob_47558,149,seq,,,,OB started at 2020-02-02T22:15:17,0,0,,
96,2020-02-02T22:07:59.262,LOG,GRAVITY,wgv,wgv,wgv,bob_47558,149,seq,,,,(OBS.NAME: ToO calibrations // OBS.ID: 200385148),0,0,,
97,2020-02-03T01:00:18.873,LOG,GRAVITY,wgv,wgv,wgv,bob_47558,149,seq,,,,(OBS.NAME: M05_HD32515_MED_SPLIT // OBS.ID: 200454211),0,0,,
98,2020-02-03T15:47:16.034,LOG,GRAVITY,wgv,wgv,wgv,bob_ins,186,seq,,,,(OBS.NAME: Calibration // OBS.ID: 200385148),0,0,,
99,2020-02-03T20:33:10.665,LOG,GRAVITY,wgv,wgv,wgv,bob_28775,183,seq,,,,OB finished (TERMINATED) in 449 seconds at 2020-02-03T20:33:10,0,0,,
100,2020-02-03T22:22:32.816,LOG,GRAVITY,wgv,wgv,wgv,bob_28775,183,seq,,,,OB finished (TERMINATED) in 2180 seconds at 2020-02-03T22:22:32,0,0,,
101,2020-02-04T13:19:51.535,LOG,GRAVITY,wgv,wgv,wgv,bob_ins,244,seq,,,,OB aborted after 185 seconds at 2020-02-04T13:19:44,0,0,,
102,2020-02-04T12:56:44.599,LOG,GRAVITY,wgv,wgv,wgv,bob_ins,244,seq,,,,OB started at 2020-02-04T12:56:44,0,0,,
103,2020-02-04T12:56:44.599,LOG,GRAVITY,wgv,wgv,wgv,bob_ins,244,seq,,,,(OBS.NAME: ToO calibrations // OBS.ID: 200385148),0,0,,
104,2020-02-04T12:59:56.468,LOG,GRAVITY,wgv,wgv,wgv,bob_ins,244,seq,,,,OB aborted after 185 seconds at 2020-02-04T12:59:49,0,0,,
105,2020-02-04T13:14:16.345,LOG,GRAVITY,wgv,wgv,wgv,bob_ins,244,seq,,,,OB aborted after 203 seconds at 2020-02-04T13:14:10,0,0,,
106,2020-02-04T12:45:26.095,LOG,GRAVITY,wgv,wgv,wgv,bob_ins,244,seq,,,,OB aborted after 178 seconds at 2020-02-04T12:44:48,0,0,,
107,2020-02-04T19:32:16.486,LOG,GRAVITY,wgv,wgv,wgv,bob_20080,155,seq,,,,(OBS.NAME: Calibration // OBS.ID: -1),0,0,,
108,2020-02-04T20:35:53.534,LOG,GRAVITY,wgv,wgv,wgv,bob_20080,155,seq,,,,OB finished (TERMINATED) in 3817 seconds at 2020-02-04T20:35:53,0,0,,
109,2020-02-04T20:12:05.176,LOG,GRAVITY,wgv,wgv,wgv,bob_20080,155,seq,,,,OB paused at 2020-02-04T20:12:05,0,0,,
110,2020-02-05T00:31:49.713,LOG,GRAVITY,wgv,wgv,wgv,bob_20080,155,seq,,,,(OBS.NAME: SCI_T_Lep // OBS.ID: 2744977),0,0,,
111,2020-02-05T00:51:09.451,LOG,GRAVITY,wgv,wgv,wgv,bob_20080,155,seq,,,,OB finished (TERMINATED) in 207 seconds at 2020-02-05T00:51:09,0,0,,
112,2020-02-05T01:06:23.371,LOG,GRAVITY,wgv,wgv,wgv,bob_20080,155,seq,,,,OB finished (TERMINATED) in 892 seconds at 2020-02-05T01:06:23,0,0,,
113,2020-02-05T00:51:31.655,LOG,GRAVITY,wgv,wgv,wgv,bob_20080,155,seq,,,,(OBS.NAME: CAL_HD29085 // OBS.ID: 2744974),0,0,,
114,2020-02-05T01:06:40.619,LOG,GRAVITY,wgv,wgv,wgv,bob_20080,155,seq,,,,(OBS.NAME: SCI_T_Lep // OBS.ID: 2744977),0,0,,
115,2020-02-05T01:24:58.662,LOG,GRAVITY,wgv,wgv,wgv,bob_20080,155,seq,,,,OB finished (TERMINATED) in 1098 seconds at 2020-02-05T01:24:58,0,0,,
116,2020-02-05T01:25:10.626,LOG,GRAVITY,wgv,wgv,wgv,bob_20080,155,seq,,,,(OBS.NAME: CAL_HD32436 // OBS.ID: 2744983),0,0,,
117,2020-02-05T01:36:59.428,LOG,GRAVITY,wgv,wgv,wgv,bob_20080,155,seq,,,,OB finished (TERMINATED) in 709 seconds at 2020-02-05T01:36:59,0,0,,
118,2020-02-05T01:37:13.784,LOG,GRAVITY,wgv,wgv,wgv,bob_20080,155,seq,,,,(OBS.NAME: SCI_T_Lep // OBS.ID: 2744977),0,0,,
119,2020-02-05T01:48:14.217,LOG,GRAVITY,wgv,wgv,wgv,bob_20080,155,seq,,,,OB finished (TERMINATED) in 661 seconds at 2020-02-05T01:48:14,0,0,,
120,2020-02-04T01:03:52.684,LOG,GRAVITY,wgv,wgv,wgv,bob_28775,183,seq,,,,OB started at 2020-02-04T01:03:52,0,0,,
121,2020-02-04T00:31:53.228,LOG,GRAVITY,wgv,wgv,wgv,bob_28775,183,seq,,,,OB continued at 2020-02-04T00:31:53,0,0,,
122,2020-02-04T01:14:46.766,LOG,GRAVITY,wgv,wgv,wgv,bob_28775,183,seq,,,,OB aborted after 283 seconds at 2020-02-04T01:14:46,0,0,,
123,2020-02-04T01:00:58.000,LOG,GRAVITY,wgv,wgv,wgv,bob_28775,183,seq,,,,OB paused at 2020-02-04T01:00:58,0,0,,
124,2020-02-04T00:47:20.558,LOG,GRAVITY,wgv,wgv,wgv,bob_28775,183,seq,,,,OB started at 2020-02-04T00:47:20,0,0,,
125,2020-02-04T01:09:01.735,LOG,GRAVITY,wgv,wgv,wgv,bob_28775,183,seq,,,,ERROR: ACK ABORT (red),0,0,,
126,2020-02-04T01:09:01.738,LOG,GRAVITY,wgv,wgv,wgv,bob_28775,183,seq,,,,ACK ABORT (red),0,0,,
127,2020-02-04T01:09:01.788,LOG,GRAVITY,wgv,wgv,wgv,bob_28775,183,seq,,,,OB aborted after 309 seconds at 2020-02-04T01:09:01,0,0,,
128,2020-02-04T02:39:33.204,LOG,GRAVITY,wgv,wgv,wgv,bob_5083,150,seq,,,,OB started at 2020-02-04T02:39:33,0,0,,
129,2020-02-04T02:36:10.502,LOG,GRAVITY,wgv,wgv,wgv,bob_5083,150,seq,,,,(OBS.NAME: CAL_HD45677_HD43847 // OBS.ID: 2750333),0,0,,
130,2020-02-04T03:03:33.401,LOG,GRAVITY,wgv,wgv,wgv,bob_5083,150,seq,,,,OB finished (TERMINATED) in 1440 seconds at 2020-02-04T03:03:33,0,0,,
131,2020-02-04T03:12:17.835,LOG,GRAVITY,wgv,wgv,wgv,bob_5083,150,seq,,,,OB continued at 2020-02-04T03:12:17,0,0,,
132,2020-02-04T03:03:51.133,LOG,GRAVITY,wgv,wgv,wgv,bob_5083,150,seq,,,,(OBS.NAME: CAL_HD65810 // OBS.ID: 2750322),0,0,,
133,2020-02-04T04:20:10.410,LOG,GRAVITY,wgv,wgv,wgv,bob_5083,150,seq,,,,OB finished (TERMINATED) in 3377 seconds at 2020-02-04T04:20:10,0,0,,
134,2020-02-04T04:20:24.300,LOG,GRAVITY,wgv,wgv,wgv,bob_5083,150,seq,,,,OB paused at 2020-02-04T04:20:24,0,0,,
135,2020-02-04T05:18:22.334,LOG,GRAVITY,wgv,wgv,wgv,bob_5083,150,seq,,,,OB paused at 2020-02-04T05:18:22,0,0,,
136,2020-02-04T05:11:18.810,LOG,GRAVITY,wgv,wgv,wgv,bob_5083,150,seq,,,,OB finished (TERMINATED) in 3054 seconds at 2020-02-04T05:11:18,0,0,,
137,2020-02-04T05:29:55.658,LOG,GRAVITY,wgv,wgv,wgv,bob_5083,150,seq,,,,OB finished (TERMINATED) in 1100 seconds at 2020-02-04T05:29:55,0,0,,
138,2020-02-04T05:30:03.251,LOG,GRAVITY,wgv,wgv,wgv,bob_5083,150,seq,,,,OB started at 2020-02-04T05:30:03,0,0,,
139,2020-02-04T06:15:05.307,LOG,GRAVITY,wgv,wgv,wgv,bob_5083,150,seq,,,,OB paused at 2020-02-04T06:15:05,0,0,,
140,2020-02-04T06:15:05.139,LOG,GRAVITY,wgv,wgv,wgv,bob_5083,150,seq,,,,(OBS.NAME: SCI_HD_98922 // OBS.ID: 2750300),0,0,,
141,2020-02-04T07:02:40.400,LOG,GRAVITY,wgv,wgv,wgv,bob_5083,150,seq,,,,(OBS.NAME: CAL_TW_Hya // OBS.ID: 2750311),0,0,,
142,2020-02-04T00:19:11.220,LOG,GRAVITY,wgv,wgv,wgv,bob_28775,183,seq,,,,(OBS.NAME: SCI_HD45677 // OBS.ID: 2750327),0,0,,
143,2020-02-04T07:25:55.500,LOG,GRAVITY,wgv,wgv,wgv,bob_5083,150,seq,,,,OB started at 2020-02-04T07:25:55,0,0,,
144,2020-02-04T07:25:55.500,LOG,GRAVITY,wgv,wgv,wgv,bob_5083,150,seq,,,,(OBS.NAME: SCI_TW_Hya // OBS.ID: 2750308),0,0,,
145,2020-02-04T07:29:31.639,LOG,GRAVITY,wgv,wgv,wgv,bob_5083,150,seq,,,,OB paused at 2020-02-04T07:29:31,0,0,,
146,2020-02-04T07:21:28.823,LOG,GRAVITY,wgv,wgv,wgv,bob_5083,150,seq,,,,OB finished (TERMINATED) in 1128 seconds at 2020-02-04T07:21:28,0,0,,
147,2020-02-02T13:52:15.342,LOG,GRAVITY,wgv,wgv,wgv,bob_ins,93,seq,,,,OB aborted after 29 seconds at 2020-02-02T13:52:12,0,0,,
148,2020-02-02T13:51:43.402,LOG,GRAVITY,wgv,wgv,wgv,bob_ins,93,seq,,,,OB started at 2020-02-02T13:51:43,0,0,,
149,2020-02-02T13:51:43.402,LOG,GRAVITY,wgv,wgv,wgv,bob_ins,93,seq,,,,(OBS.NAME: Calibration // OBS.ID: 200385148),0,0,,
150,2020-02-02T13:52:25.386,LOG,GRAVITY,wgv,wgv,wgv,bob_ins,93,seq,,,,OB started at 2020-02-02T13:52:25,0,0,,
151,2020-02-04T13:46:29.826,LOG,GRAVITY,wgv,wgv,wgv,bob_48642,55,seq,,,,OB started at 2020-02-04T13:46:29,0,0,,
152,2020-02-04T13:46:29.826,LOG,GRAVITY,wgv,wgv,wgv,bob_48642,55,seq,,,,(OBS.NAME: Calibration // OBS.ID: 200385148),0,0,,
153,2020-02-07T00:56:48.269,LOG,GRAVITY,wgv,wgv,wgv,bob_34347,164,seq,,,,OB started at 2020-02-07T00:56:48,0,0,,
154,2020-02-07T00:56:48.269,LOG,GRAVITY,wgv,wgv,wgv,bob_34347,164,seq,,,,(OBS.NAME: CAL_HD39400_GRAVITY_Small_HIGH-SPLIT_FT // OBS.ID: 2700422),0,0,,
155,2020-02-07T01:21:03.315,LOG,GRAVITY,wgv,wgv,wgv,bob_34347,164,seq,,,,OB started at 2020-02-07T01:21:03,0,0,,
156,2020-02-07T01:45:02.843,LOG,GRAVITY,wgv,wgv,wgv,bob_34347,164,seq,,,,(OBS.NAME: CAL_HD44945_GRAVITY_Small_HIGH-SPLIT_FT // OBS.ID: 2700425),0,0,,
157,2020-02-07T01:44:35.104,LOG,GRAVITY,wgv,wgv,wgv,bob_34347,164,seq,,,,OB finished (TERMINATED) in 1412 seconds at 2020-02-07T01:44:35,0,0,,
158,2020-02-01T14:23:07.424,LOG,GRAVITY,wgv,wgv,wgv,bob_ins,89,seq,,,,OB aborted after 7349 seconds at 2020-02-01T14:00:39,0,0,,
159,2020-02-07T06:06:48.674,LOG,GRAVITY,wgv,wgv,wgv,bob_34347,164,seq,,,,OB started at 2020-02-07T06:06:48,0,0,,
160,2020-02-02T09:21:34.347,LOG,GRAVITY,wgv,wgv,wgv,bob_ins,93,seq,,,,OB finished (TERMINATED) in 622 seconds at 2020-02-02T09:21:34,0,0,,
161,2020-02-02T09:21:34.398,LOG,GRAVITY,wgv,wgv,wgv,bob_ins,93,seq,,,,OB started at 2020-02-02T09:21:34,0,0,,
162,2020-02-02T09:21:34.398,LOG,GRAVITY,wgv,wgv,wgv,bob_ins,93,seq,,,,(OBS.NAME: Calibration // OBS.ID: 200385148),0,0,,
163,2020-02-02T13:42:53.781,LOG,GRAVITY,wgv,wgv,wgv,bob_ins,93,seq,,,,OB started at 2020-02-02T13:42:53,0,0,,
164,2020-02-02T13:50:39.890,LOG,GRAVITY,wgv,wgv,wgv,bob_ins,93,seq,,,,OB aborted after 446 seconds at 2020-02-02T13:50:19,0,0,,
165,2020-02-02T13:52:25.386,LOG,GRAVITY,wgv,wgv,wgv,bob_ins,93,seq,,,,(OBS.NAME: ToO calibrations // OBS.ID: 200385148),0,0,,
166,2020-02-02T13:59:47.704,LOG,GRAVITY,wgv,wgv,wgv,bob_ins,93,seq,,,,OB finished (TERMINATED) in 442 seconds at 2020-02-02T13:59:47,0,0,,
167,2020-02-02T13:59:47.766,LOG,GRAVITY,wgv,wgv,wgv,bob_ins,93,seq,,,,OB started at 2020-02-02T13:59:47,0,0,,
168,2020-02-02T13:59:47.766,LOG,GRAVITY,wgv,wgv,wgv,bob_ins,93,seq,,,,(OBS.NAME: Calibration // OBS.ID: 200385148),0,0,,
169,2020-02-02T14:39:59.235,LOG,GRAVITY,wgv,wgv,wgv,bob_ins,93,seq,,,,OB finished (TERMINATED) in 2412 seconds at 2020-02-02T14:39:59,0,0,,
170,2020-02-03T03:32:05.625,LOG,GRAVITY,wgv,wgv,wgv,bob_47558,149,seq,,,,(OBS.NAME: CAL_HD_62952_GRAVITY_medium_LOW-COMBINED // OBS.ID: 2534742),0,0,,
171,2020-02-03T04:03:46.149,LOG,GRAVITY,wgv,wgv,wgv,bob_47558,149,seq,,,,(OBS.NAME: SCI_U_Mon_GRAVITY_medium_LOW-COMBINED // OBS.ID: 2533115),0,0,,
172,2020-02-03T04:03:26.432,LOG,GRAVITY,wgv,wgv,wgv,bob_47558,149,seq,,,,OB finished (TERMINATED) in 1881 seconds at 2020-02-03T04:03:26,0,0,,
173,2020-02-03T15:47:16.034,LOG,GRAVITY,wgv,wgv,wgv,bob_ins,186,seq,,,,OB started at 2020-02-03T15:47:16,0,0,,
174,2020-02-03T14:32:25.108,LOG,GRAVITY,wgv,wgv,wgv,bob_ins,186,seq,,,,OB finished (TERMINATED) in 7108 seconds at 2020-02-03T14:32:25,0,0,,
175,2020-02-03T15:38:39.414,LOG,GRAVITY,wgv,wgv,wgv,bob_ins,186,seq,,,,OB started at 2020-02-03T15:38:39,0,0,,
176,2020-02-03T15:38:39.414,LOG,GRAVITY,wgv,wgv,wgv,bob_ins,186,seq,,,,(OBS.NAME: ToO calibrations // OBS.ID: 200385148),0,0,,
177,2020-02-03T12:33:19.337,LOG,GRAVITY,wgv,wgv,wgv,bob_ins,186,seq,,,,OB aborted after 12116 seconds at 2020-02-03T12:33:14,0,0,,
178,2020-02-03T12:33:57.569,LOG,GRAVITY,wgv,wgv,wgv,bob_ins,186,seq,,,,OB started at 2020-02-03T12:33:57,0,0,,
179,2020-02-03T20:33:10.718,LOG,GRAVITY,wgv,wgv,wgv,bob_28775,183,seq,,,,(OBS.NAME: Calibration // OBS.ID: 200385148),0,0,,
180,2020-02-03T19:55:16.626,LOG,GRAVITY,wgv,wgv,wgv,bob_28775,183,seq,,,,OB finished (TERMINATED) in 3793 seconds at 2020-02-03T19:55:16,0,0,,
181,2020-02-03T18:52:03.164,LOG,GRAVITY,wgv,wgv,wgv,bob_28775,183,seq,,,,OB started at 2020-02-03T18:52:03,0,0,,
182,2020-02-03T21:45:38.220,LOG,GRAVITY,wgv,wgv,wgv,bob_28775,183,seq,,,,OB aborted after 4344 seconds at 2020-02-03T21:45:34,0,0,,
183,2020-02-03T21:46:12.904,LOG,GRAVITY,wgv,wgv,wgv,bob_28775,183,seq,,,,(OBS.NAME: Calibration // OBS.ID: 200385148),0,0,,
184,2020-02-03T23:55:11.352,LOG,GRAVITY,wgv,wgv,wgv,bob_28775,183,seq,,,,OB started at 2020-02-03T23:55:11,0,0,,
185,2020-02-04T00:04:12.542,LOG,GRAVITY,wgv,wgv,wgv,bob_28775,183,seq,,,,OB continued at 2020-02-04T00:04:12,0,0,,
186,2020-02-04T00:04:09.409,LOG,GRAVITY,wgv,wgv,wgv,bob_28775,183,seq,,,,OB paused at 2020-02-04T00:04:09,0,0,,
187,2020-02-04T00:19:11.220,LOG,GRAVITY,wgv,wgv,wgv,bob_28775,183,seq,,,,OB started at 2020-02-04T00:19:11,0,0,,
188,2020-02-04T00:47:20.558,LOG,GRAVITY,wgv,wgv,wgv,bob_28775,183,seq,,,,(OBS.NAME: SCI_HD45677 // OBS.ID: 2750327),0,0,,
189,2020-02-04T00:45:31.094,LOG,GRAVITY,wgv,wgv,wgv,bob_28775,183,seq,,,,ACK ABORT (red),0,0,,
190,2020-02-04T01:03:37.381,LOG,GRAVITY,wgv,wgv,wgv,bob_28775,183,seq,,,,OB aborted after 977 seconds at 2020-02-04T01:03:37,0,0,,
191,2020-02-04T01:03:52.684,LOG,GRAVITY,wgv,wgv,wgv,bob_28775,183,seq,,,,(OBS.NAME: SCI_HD45677 // OBS.ID: 2750327),0,0,,
192,2020-02-04T01:10:03.358,LOG,GRAVITY,wgv,wgv,wgv,bob_28775,183,seq,,,,OB started at 2020-02-04T01:10:03,0,0,,
193,2020-02-04T01:10:03.359,LOG,GRAVITY,wgv,wgv,wgv,bob_28775,183,seq,,,,(OBS.NAME: SCI_HD45677 // OBS.ID: 2750327),0,0,,
194,2020-02-04T01:24:19.717,LOG,GRAVITY,wgv,wgv,wgv,bob_5083,150,seq,,,,OB started at 2020-02-04T01:24:19,0,0,,
195,2020-02-04T01:24:19.717,LOG,GRAVITY,wgv,wgv,wgv,bob_5083,150,seq,,,,(OBS.NAME: SCI_HD45677 // OBS.ID: 2750327),0,0,,
196,2020-02-01T19:35:20.854,LOG,GRAVITY,wgv,wgv,wgv,bob_ins,89,seq,,,,OB started at 2020-02-01T19:35:20,0,0,,
197,2020-02-01T20:01:27.601,LOG,GRAVITY,wgv,wgv,wgv,bob_ins,89,seq,,,,OB started at 2020-02-01T20:01:27,0,0,,
198,2020-02-01T20:01:27.602,LOG,GRAVITY,wgv,wgv,wgv,bob_ins,89,seq,,,,(OBS.NAME: Calibration // OBS.ID: 200385148),0,0,,
199,2020-02-02T01:05:20.769,LOG,GRAVITY,wgv,wgv,wgv,bob_19473,55,seq,,,,OB continued at 2020-02-02T01:05:20,0,0,,
200,2020-02-02T00:38:03.127,LOG,GRAVITY,wgv,wgv,wgv,bob_19473,55,seq,,,,OB started at 2020-02-02T00:38:03,0,0,,
201,2020-02-02T01:37:16.864,LOG,GRAVITY,wgv,wgv,wgv,bob_19473,55,seq,,,,(OBS.NAME: SCI_WDS_J04403-5857AB_dual // OBS.ID: 200429868),0,0,,
202,2020-02-02T02:13:21.125,LOG,GRAVITY,wgv,wgv,wgv,bob_19473,55,seq,,,,OB started at 2020-02-02T02:13:21,0,0,,
203,2020-02-02T02:13:21.125,LOG,GRAVITY,wgv,wgv,wgv,bob_19473,55,seq,,,,(OBS.NAME: SCI_WDS_J04403-5857AB_dual // OBS.ID: 200429868),0,0,,
204,2020-02-02T01:46:06.298,LOG,GRAVITY,wgv,wgv,wgv,bob_19473,55,seq,,,,ERROR: ACK ABORT (red),0,0,,
205,2020-02-02T01:46:06.303,LOG,GRAVITY,wgv,wgv,wgv,bob_19473,55,seq,,,,ACK ABORT (red),0,0,,
206,2020-02-02T02:34:21.091,LOG,GRAVITY,wgv,wgv,wgv,bob_19473,55,seq,,,,OB finished (TERMINATED) in 1260 seconds at 2020-02-02T02:34:21,0,0,,
207,2020-02-02T20:52:48.852,LOG,GRAVITY,wgv,wgv,wgv,bob_47558,149,seq,,,,OB started at 2020-02-02T20:52:48,0,0,,
208,2020-02-02T22:06:53.927,LOG,GRAVITY,wgv,wgv,wgv,bob_47558,149,seq,,,,OB finished (TERMINATED) in 4445 seconds at 2020-02-02T22:06:53,0,0,,
209,2020-02-02T22:07:59.262,LOG,GRAVITY,wgv,wgv,wgv,bob_47558,149,seq,,,,OB started at 2020-02-02T22:07:59,0,0,,
210,2020-02-03T01:00:18.872,LOG,GRAVITY,wgv,wgv,wgv,bob_47558,149,seq,,,,OB started at 2020-02-03T01:00:18,0,0,,
211,2020-02-03T01:10:03.852,LOG,GRAVITY,wgv,wgv,wgv,bob_47558,149,seq,,,,OB continued at 2020-02-03T01:10:03,0,0,,
212,2020-02-03T01:12:43.064,LOG,GRAVITY,wgv,wgv,wgv,bob_47558,149,seq,,,,OB finished (TERMINATED) in 745 seconds at 2020-02-03T01:12:43,0,0,,
213,2020-02-04T02:23:57.902,LOG,GRAVITY,wgv,wgv,wgv,bob_5083,150,seq,,,,(OBS.NAME: SCI_HD45677 // OBS.ID: 2750327),0,0,,
214,2020-02-04T04:20:24.151,LOG,GRAVITY,wgv,wgv,wgv,bob_5083,150,seq,,,,(OBS.NAME: SCI_HD_58647 // OBS.ID: 2750316),0,0,,
215,2020-02-04T03:29:17.553,LOG,GRAVITY,wgv,wgv,wgv,bob_5083,150,seq,,,,OB continued at 2020-02-04T03:29:17,0,0,,
216,2020-02-04T03:12:08.647,LOG,GRAVITY,wgv,wgv,wgv,bob_5083,150,seq,,,,OB paused at 2020-02-04T03:12:08,0,0,,
217,2020-02-04T03:23:42.384,LOG,GRAVITY,wgv,wgv,wgv,bob_5083,150,seq,,,,OB finished (TERMINATED) in 1191 seconds at 2020-02-04T03:23:42,0,0,,
218,2020-02-04T02:39:33.204,LOG,GRAVITY,wgv,wgv,wgv,bob_5083,150,seq,,,,(OBS.NAME: CAL_HD45677_HD43847 // OBS.ID: 2750333),0,0,,
219,2020-02-04T03:23:53.834,LOG,GRAVITY,wgv,wgv,wgv,bob_5083,150,seq,,,,OB started at 2020-02-04T03:23:53,0,0,,
220,2020-02-04T03:23:53.834,LOG,GRAVITY,wgv,wgv,wgv,bob_5083,150,seq,,,,(OBS.NAME: SCI_HD_58647 // OBS.ID: 2750316),0,0,,
221,2020-02-04T02:51:53.634,LOG,GRAVITY,wgv,wgv,wgv,bob_5083,150,seq,,,,OB paused at 2020-02-04T02:51:53,0,0,,
222,2020-02-04T03:29:03.860,LOG,GRAVITY,wgv,wgv,wgv,bob_5083,150,seq,,,,OB paused at 2020-02-04T03:29:03,0,0,,
223,2020-02-03T18:52:03.164,LOG,GRAVITY,wgv,wgv,wgv,bob_28775,183,seq,,,,(OBS.NAME: Calibration // OBS.ID: -1),0,0,,
224,2020-02-03T20:33:10.718,LOG,GRAVITY,wgv,wgv,wgv,bob_28775,183,seq,,,,OB started at 2020-02-03T20:33:10,0,0,,
225,2020-02-03T21:46:12.903,LOG,GRAVITY,wgv,wgv,wgv,bob_28775,183,seq,,,,OB started at 2020-02-03T21:46:12,0,0,,
226,2020-02-03T20:25:41.001,LOG,GRAVITY,wgv,wgv,wgv,bob_28775,183,seq,,,,OB started at 2020-02-03T20:25:41,0,0,,
227,2020-02-03T20:25:41.002,LOG,GRAVITY,wgv,wgv,wgv,bob_28775,183,seq,,,,(OBS.NAME: ToO calibrations // OBS.ID: 200385148),0,0,,
228,2020-02-03T23:55:11.353,LOG,GRAVITY,wgv,wgv,wgv,bob_28775,183,seq,,,,(OBS.NAME: CAL_HD45420 // OBS.ID: 2750330),0,0,,
229,2020-02-04T00:16:11.096,LOG,GRAVITY,wgv,wgv,wgv,bob_28775,183,seq,,,,OB finished (TERMINATED) in 1260 seconds at 2020-02-04T00:16:11,0,0,,
230,2020-02-04T01:14:46.683,LOG,GRAVITY,wgv,wgv,wgv,bob_28775,183,seq,,,,ERROR: ACK ABORT (red),0,0,,
231,2020-02-04T01:14:46.688,LOG,GRAVITY,wgv,wgv,wgv,bob_28775,183,seq,,,,ACK ABORT (red),0,0,,
232,2020-02-04T00:31:47.818,LOG,GRAVITY,wgv,wgv,wgv,bob_28775,183,seq,,,,OB paused at 2020-02-04T00:31:47,0,0,,
233,2020-02-04T00:45:31.142,LOG,GRAVITY,wgv,wgv,wgv,bob_28775,183,seq,,,,OB aborted after 1580 seconds at 2020-02-04T00:45:31,0,0,,
234,2020-02-04T02:23:14.426,LOG,GRAVITY,wgv,wgv,wgv,bob_5083,150,seq,,,,OB finished (TERMINATED) in 3535 seconds at 2020-02-04T02:23:14,0,0,,
235,2020-02-04T02:23:57.902,LOG,GRAVITY,wgv,wgv,wgv,bob_5083,150,seq,,,,OB started at 2020-02-04T02:23:57,0,0,,
236,2020-02-04T02:36:10.502,LOG,GRAVITY,wgv,wgv,wgv,bob_5083,150,seq,,,,OB started at 2020-02-04T02:36:10,0,0,,
237,2020-02-04T02:39:15.261,LOG,GRAVITY,wgv,wgv,wgv,bob_5083,150,seq,,,,OB aborted after 108 seconds at 2020-02-04T02:37:58,0,0,,
238,2020-02-04T02:35:55.482,LOG,GRAVITY,wgv,wgv,wgv,bob_5083,150,seq,,,,ACK ABORT (red),0,0,,
239,2020-02-04T02:35:55.529,LOG,GRAVITY,wgv,wgv,wgv,bob_5083,150,seq,,,,OB aborted after 718 seconds at 2020-02-04T02:35:55,0,0,,
240,2020-02-04T03:03:51.133,LOG,GRAVITY,wgv,wgv,wgv,bob_5083,150,seq,,,,OB started at 2020-02-04T03:03:51,0,0,,
241,2020-02-04T02:52:07.870,LOG,GRAVITY,wgv,wgv,wgv,bob_5083,150,seq,,,,OB continued at 2020-02-04T02:52:07,0,0,,
242,2020-02-04T04:20:24.151,LOG,GRAVITY,wgv,wgv,wgv,bob_5083,150,seq,,,,OB started at 2020-02-04T04:20:24,0,0,,
243,2020-02-04T04:20:34.009,LOG,GRAVITY,wgv,wgv,wgv,bob_5083,150,seq,,,,OB continued at 2020-02-04T04:20:34,0,0,,
244,2020-02-03T17:03:56.871,LOG,GRAVITY,wgv,wgv,wgv,bob_ins,186,seq,,,,OB finished (TERMINATED) in 4600 seconds at 2020-02-03T17:03:56,0,0,,
245,2020-02-03T15:47:15.988,LOG,GRAVITY,wgv,wgv,wgv,bob_ins,186,seq,,,,OB finished (TERMINATED) in 516 seconds at 2020-02-03T15:47:15,0,0,,
246,2020-02-05T08:05:31.416,LOG,GRAVITY,wgv,wgv,wgv,bob_20080,155,seq,,,,OB finished (TERMINATED) in 1938 seconds at 2020-02-05T08:05:31,0,0,,
247,2020-02-05T07:33:13.611,LOG,GRAVITY,wgv,wgv,wgv,bob_20080,155,seq,,,,OB started at 2020-02-05T07:33:13,0,0,,
248,2020-02-05T07:46:47.389,LOG,GRAVITY,wgv,wgv,wgv,bob_20080,155,seq,,,,OB continued at 2020-02-05T07:46:47,0,0,,
249,2020-02-05T08:05:43.448,LOG,GRAVITY,wgv,wgv,wgv,bob_20080,155,seq,,,,(OBS.NAME: CAL_HD_85683_GRAVITY_medium_LOW-COMBINED // OBS.ID: 2534734),0,0,,
250,2020-02-05T08:10:31.604,LOG,GRAVITY,wgv,wgv,wgv,bob_20080,155,seq,,,,OB paused at 2020-02-05T08:10:31,0,0,,
251,2020-02-05T08:26:28.663,LOG,GRAVITY,wgv,wgv,wgv,bob_20080,155,seq,,,,(OBS.NAME: CAL_HD_85683_GRAVITY_medium_LOW-COMBINED // OBS.ID: 2534734),0,0,,
252,2020-02-05T08:40:59.383,LOG,GRAVITY,wgv,wgv,wgv,bob_20080,155,seq,,,,OB continued at 2020-02-05T08:40:59,0,0,,
253,2020-02-05T08:36:18.597,LOG,GRAVITY,wgv,wgv,wgv,bob_20080,155,seq,,,,OB started at 2020-02-05T08:36:18,0,0,,
254,2020-02-05T08:28:25.770,LOG,GRAVITY,wgv,wgv,wgv,bob_20080,155,seq,,,,OB aborted after 108 seconds at 2020-02-05T08:28:16,0,0,,
255,2020-02-05T08:26:15.213,LOG,GRAVITY,wgv,wgv,wgv,bob_20080,155,seq,,,,OB aborted after 1232 seconds at 2020-02-05T08:26:15,0,0,,
256,2020-02-05T09:05:11.140,LOG,GRAVITY,wgv,wgv,wgv,bob_ins,146,seq,,,,OB started at 2020-02-05T09:05:11,0,0,,
257,2020-02-05T09:05:11.140,LOG,GRAVITY,wgv,wgv,wgv,bob_ins,146,seq,,,,(OBS.NAME: ToO calibrations // OBS.ID: 200385148),0,0,,
258,2020-02-05T08:36:18.597,LOG,GRAVITY,wgv,wgv,wgv,bob_20080,155,seq,,,,(OBS.NAME: CAL_HD_85683_GRAVITY_medium_LOW-COMBINED // OBS.ID: 2534734),0,0,,
259,2020-02-05T08:50:14.294,LOG,GRAVITY,wgv,wgv,wgv,bob_20080,155,seq,,,,OB finished (TERMINATED) in 836 seconds at 2020-02-05T08:50:14,0,0,,
260,2020-02-03T12:33:57.570,LOG,GRAVITY,wgv,wgv,wgv,bob_ins,186,seq,,,,(OBS.NAME: Calibration // OBS.ID: 200385148),0,0,,
261,2020-02-06T23:56:50.452,LOG,GRAVITY,wgv,wgv,wgv,bob_34347,164,seq,,,,ERROR: ACK ABORT (red),0,0,,
262,2020-02-06T23:56:50.530,LOG,GRAVITY,wgv,wgv,wgv,bob_34347,164,seq,,,,OB aborted after 41 seconds at 2020-02-06T23:56:50,0,0,,
263,2020-02-06T23:56:58.983,LOG,GRAVITY,wgv,wgv,wgv,bob_34347,164,seq,,,,OB started at 2020-02-06T23:56:58,0,0,,
264,2020-02-07T00:17:24.982,LOG,GRAVITY,wgv,wgv,wgv,bob_34347,164,seq,,,,OB paused at 2020-02-07T00:17:24,0,0,,
265,2020-02-06T23:56:09.420,LOG,GRAVITY,wgv,wgv,wgv,bob_34347,164,seq,,,,(OBS.NAME: SCI_Betelgeuse_GRAVITY_Small_HIGH-SPLIT_FT // OBS.ID: 2700428),0,0,,
266,2020-02-05T08:11:02.952,LOG,GRAVITY,wgv,wgv,wgv,bob_20080,155,seq,,,,OB continued at 2020-02-05T08:11:02,0,0,,
267,2020-02-06T20:59:33.563,LOG,GRAVITY,wgv,wgv,wgv,bob_ins,173,seq,,,,OB finished (TERMINATED) in 4544 seconds at 2020-02-06T20:59:33,0,0,,
268,2020-02-06T21:26:04.093,LOG,GRAVITY,wgv,wgv,wgv,bob_34347,164,seq,,,,OB started at 2020-02-06T21:26:04,0,0,,
269,2020-02-06T21:26:04.093,LOG,GRAVITY,wgv,wgv,wgv,bob_34347,164,seq,,,,(OBS.NAME: Calibration // OBS.ID: -1),0,0,,
270,2020-02-05T08:05:43.448,LOG,GRAVITY,wgv,wgv,wgv,bob_20080,155,seq,,,,OB started at 2020-02-05T08:05:43,0,0,,
271,2020-02-07T00:57:53.049,LOG,GRAVITY,wgv,wgv,wgv,bob_34347,164,seq,,,,OB aborted after 61 seconds at 2020-02-07T00:57:49,0,0,,
272,2020-02-07T01:21:03.315,LOG,GRAVITY,wgv,wgv,wgv,bob_34347,164,seq,,,,(OBS.NAME: SCI_Betelgeuse_GRAVITY_Small_HIGH-SPLIT_FT // OBS.ID: 2700515),0,0,,
273,2020-02-04T06:22:23.032,LOG,GRAVITY,wgv,wgv,wgv,bob_5083,150,seq,,,,(OBS.NAME: SCI_HD_98922 // OBS.ID: 2750300),0,0,,
274,2020-02-05T13:15:29.574,LOG,GRAVITY,wgv,wgv,wgv,bob_ins,146,seq,,,,OB finished (TERMINATED) in 3490 seconds at 2020-02-05T13:15:29,0,0,,
275,2020-02-07T02:04:49.317,LOG,GRAVITY,wgv,wgv,wgv,bob_34347,164,seq,,,,OB finished (TERMINATED) in 1002 seconds at 2020-02-07T02:04:49,0,0,,
276,2020-02-04T07:02:40.400,LOG,GRAVITY,wgv,wgv,wgv,bob_5083,150,seq,,,,OB started at 2020-02-04T07:02:40,0,0,,
277,2020-02-04T07:10:05.346,LOG,GRAVITY,wgv,wgv,wgv,bob_5083,150,seq,,,,OB continued at 2020-02-04T07:10:05,0,0,,
278,2020-02-07T01:19:12.795,LOG,GRAVITY,wgv,wgv,wgv,bob_34347,164,seq,,,,OB aborted after 63 seconds at 2020-02-07T01:19:09,0,0,,
279,2020-02-05T11:23:48.980,LOG,GRAVITY,wgv,wgv,wgv,bob_ins,146,seq,,,,OB started at 2020-02-05T11:23:48,0,0,,
280,2020-02-07T00:59:44.882,LOG,GRAVITY,wgv,wgv,wgv,bob_34347,164,seq,,,,(OBS.NAME: CAL_HD39400_GRAVITY_Small_HIGH-SPLIT_FT // OBS.ID: 2700422),0,0,,
281,2020-02-07T01:18:06.642,LOG,GRAVITY,wgv,wgv,wgv,bob_34347,164,seq,,,,(OBS.NAME: SCI_Betelgeuse_GRAVITY_Small_HIGH-SPLIT_FT // OBS.ID: 2700515),0,0,,
282,2020-02-07T01:18:06.641,LOG,GRAVITY,wgv,wgv,wgv,bob_34347,164,seq,,,,OB started at 2020-02-07T01:18:06,0,0,,
283,2020-02-07T01:48:07.484,LOG,GRAVITY,wgv,wgv,wgv,bob_34347,164,seq,,,,OB started at 2020-02-07T01:48:07,0,0,,
284,2020-02-07T01:17:48.012,LOG,GRAVITY,wgv,wgv,wgv,bob_34347,164,seq,,,,OB finished (TERMINATED) in 1083 seconds at 2020-02-07T01:17:47,0,0,,
285,2020-02-04T07:29:39.063,LOG,GRAVITY,wgv,wgv,wgv,bob_5083,150,seq,,,,OB continued at 2020-02-04T07:29:39,0,0,,
286,2020-02-04T07:23:47.744,LOG,GRAVITY,wgv,wgv,wgv,bob_5083,150,seq,,,,OB started at 2020-02-04T07:23:47,0,0,,
287,2020-02-04T07:23:47.744,LOG,GRAVITY,wgv,wgv,wgv,bob_5083,150,seq,,,,(OBS.NAME: SCI_TW_Hya // OBS.ID: 2750308),0,0,,
288,2020-02-04T07:25:30.629,LOG,GRAVITY,wgv,wgv,wgv,bob_5083,150,seq,,,,OB aborted after 61 seconds at 2020-02-04T07:24:48,0,0,,
289,2020-02-06T19:34:16.885,LOG,GRAVITY,wgv,wgv,wgv,bob_ins,173,seq,,,,(OBS.NAME: Calibration // OBS.ID: 200385148),0,0,,
290,2020-02-06T19:35:47.995,LOG,GRAVITY,wgv,wgv,wgv,bob_ins,173,seq,,,,OB started at 2020-02-06T19:35:47,0,0,,
291,2020-02-06T19:35:38.006,LOG,GRAVITY,wgv,wgv,wgv,bob_ins,173,seq,,,,OB aborted after 79 seconds at 2020-02-06T19:35:35,0,0,,
292,2020-02-07T06:20:05.616,LOG,GRAVITY,wgv,wgv,wgv,bob_34347,164,seq,,,,OB continued at 2020-02-07T06:20:05,0,0,,
293,2020-02-06T19:35:47.995,LOG,GRAVITY,wgv,wgv,wgv,bob_ins,173,seq,,,,(OBS.NAME: ToO calibrations // OBS.ID: 200385148),0,0,,
294,2020-02-06T19:43:49.945,LOG,GRAVITY,wgv,wgv,wgv,bob_ins,173,seq,,,,OB finished (TERMINATED) in 482 seconds at 2020-02-06T19:43:49,0,0,,
295,2020-02-06T19:34:16.885,LOG,GRAVITY,wgv,wgv,wgv,bob_ins,173,seq,,,,OB started at 2020-02-06T19:34:16,0,0,,
296,2020-02-04T05:35:12.211,LOG,GRAVITY,wgv,wgv,wgv,bob_5083,150,seq,,,,OB paused at 2020-02-04T05:35:12,0,0,,
297,2020-02-04T05:11:35.817,LOG,GRAVITY,wgv,wgv,wgv,bob_5083,150,seq,,,,OB started at 2020-02-04T05:11:35,0,0,,
298,2020-02-04T05:11:35.817,LOG,GRAVITY,wgv,wgv,wgv,bob_5083,150,seq,,,,(OBS.NAME: CAL_HD_103125 // OBS.ID: 2750303),0,0,,
299,2020-02-07T00:11:30.385,LOG,GRAVITY,wgv,wgv,wgv,bob_34347,164,seq,,,,OB started at 2020-02-07T00:11:30,0,0,,
300,2020-02-07T00:11:30.385,LOG,GRAVITY,wgv,wgv,wgv,bob_34347,164,seq,,,,(OBS.NAME: SCI_Betelgeuse_GRAVITY_Small_HIGH-SPLIT_FT // OBS.ID: 2700428),0,0,,
301,2020-02-07T00:56:38.231,LOG,GRAVITY,wgv,wgv,wgv,bob_34347,164,seq,,,,OB finished (TERMINATED) in 2708 seconds at 2020-02-07T00:56:38,0,0,,
302,2020-02-07T00:24:34.155,LOG,GRAVITY,wgv,wgv,wgv,bob_34347,164,seq,,,,OB continued at 2020-02-07T00:24:34,0,0,,
303,2020-02-07T00:59:44.882,LOG,GRAVITY,wgv,wgv,wgv,bob_34347,164,seq,,,,OB started at 2020-02-07T00:59:44,0,0,,
304,2020-02-07T01:45:02.843,LOG,GRAVITY,wgv,wgv,wgv,bob_34347,164,seq,,,,OB started at 2020-02-07T01:45:02,0,0,,
305,2020-02-07T01:46:21.539,LOG,GRAVITY,wgv,wgv,wgv,bob_34347,164,seq,,,,OB aborted after 76 seconds at 2020-02-07T01:46:18,0,0,,
306,2020-02-04T08:34:51.376,LOG,GRAVITY,wgv,wgv,wgv,bob_5083,150,seq,,,,OB finished (TERMINATED) in 1049 seconds at 2020-02-04T08:34:51,0,0,,
307,2020-02-04T05:18:31.359,LOG,GRAVITY,wgv,wgv,wgv,bob_5083,150,seq,,,,OB continued at 2020-02-04T05:18:31,0,0,,
308,2020-02-04T05:30:03.252,LOG,GRAVITY,wgv,wgv,wgv,bob_5083,150,seq,,,,(OBS.NAME: SCI_HD_98922 // OBS.ID: 2750300),0,0,,
309,2020-02-04T05:35:14.774,LOG,GRAVITY,wgv,wgv,wgv,bob_5083,150,seq,,,,OB continued at 2020-02-04T05:35:14,0,0,,
310,2020-02-07T01:48:07.484,LOG,GRAVITY,wgv,wgv,wgv,bob_34347,164,seq,,,,(OBS.NAME: CAL_HD44945_GRAVITY_Small_HIGH-SPLIT_FT // OBS.ID: 2700425),0,0,,
311,2020-02-04T08:36:05.470,LOG,GRAVITY,wgv,wgv,wgv,bob_5083,150,seq,,,,OB started at 2020-02-04T08:36:05,0,0,,
312,2020-02-04T08:12:45.559,LOG,GRAVITY,wgv,wgv,wgv,bob_5083,150,seq,,,,OB aborted after 383 seconds at 2020-02-04T08:12:45,0,0,,
313,2020-02-04T08:41:12.306,LOG,GRAVITY,wgv,wgv,wgv,bob_5083,150,seq,,,,OB paused at 2020-02-04T08:41:12,0,0,,
314,2020-02-04T08:12:51.077,LOG,GRAVITY,wgv,wgv,wgv,bob_5083,150,seq,,,,(OBS.NAME: CAL_HD_100546 // OBS.ID: 2750347),0,0,,
315,2020-02-04T08:41:15.813,LOG,GRAVITY,wgv,wgv,wgv,bob_5083,150,seq,,,,OB continued at 2020-02-04T08:41:15,0,0,,
316,2020-02-04T06:22:25.948,LOG,GRAVITY,wgv,wgv,wgv,bob_5083,150,seq,,,,OB continued at 2020-02-04T06:22:25,0,0,,
317,2020-02-04T06:14:48.114,LOG,GRAVITY,wgv,wgv,wgv,bob_5083,150,seq,,,,OB finished (TERMINATED) in 2685 seconds at 2020-02-04T06:14:48,0,0,,
318,2020-02-04T06:15:20.577,LOG,GRAVITY,wgv,wgv,wgv,bob_5083,150,seq,,,,OB continued at 2020-02-04T06:15:20,0,0,,
319,2020-02-04T06:22:10.165,LOG,GRAVITY,wgv,wgv,wgv,bob_5083,150,seq,,,,OB aborted after 358 seconds at 2020-02-04T06:21:03,0,0,,
320,2020-02-04T06:22:23.032,LOG,GRAVITY,wgv,wgv,wgv,bob_5083,150,seq,,,,OB started at 2020-02-04T06:22:23,0,0,,
321,2020-02-04T06:22:23.164,LOG,GRAVITY,wgv,wgv,wgv,bob_5083,150,seq,,,,OB paused at 2020-02-04T06:22:23,0,0,,
322,2020-02-04T06:15:05.139,LOG,GRAVITY,wgv,wgv,wgv,bob_5083,150,seq,,,,OB started at 2020-02-04T06:15:05,0,0,,
323,2020-02-04T08:17:22.672,LOG,GRAVITY,wgv,wgv,wgv,bob_5083,150,seq,,,,OB started at 2020-02-04T08:17:22,0,0,,
324,2020-02-04T08:17:22.672,LOG,GRAVITY,wgv,wgv,wgv,bob_5083,150,seq,,,,(OBS.NAME: CAL_HD_100546 // OBS.ID: 2750347),0,0,,
325,2020-02-04T07:01:54.152,LOG,GRAVITY,wgv,wgv,wgv,bob_5083,150,seq,,,,OB finished (TERMINATED) in 2371 seconds at 2020-02-04T07:01:54,0,0,,
326,2020-02-04T08:05:21.288,LOG,GRAVITY,wgv,wgv,wgv,bob_5083,150,seq,,,,OB finished (TERMINATED) in 2366 seconds at 2020-02-04T08:05:21,0,0,,
327,2020-02-04T08:06:26.923,LOG,GRAVITY,wgv,wgv,wgv,bob_5083,150,seq,,,,OB continued at 2020-02-04T08:06:26,0,0,,
328,2020-02-04T08:06:22.065,LOG,GRAVITY,wgv,wgv,wgv,bob_5083,150,seq,,,,OB started at 2020-02-04T08:06:22,0,0,,
329,2020-02-04T08:06:22.065,LOG,GRAVITY,wgv,wgv,wgv,bob_5083,150,seq,,,,(OBS.NAME: SCI_TW_Hya // OBS.ID: 2750308),0,0,,
330,2020-02-04T08:23:11.719,LOG,GRAVITY,wgv,wgv,wgv,bob_5083,150,seq,,,,OB paused at 2020-02-04T08:23:11,0,0,,
331,2020-02-04T08:12:45.500,LOG,GRAVITY,wgv,wgv,wgv,bob_5083,150,seq,,,,ACK ABORT (red),0,0,,
332,2020-02-04T08:52:50.020,LOG,GRAVITY,wgv,wgv,wgv,bob_5083,150,seq,,,,OB started at 2020-02-04T08:52:50,0,0,,
333,2020-02-04T08:57:01.285,LOG,GRAVITY,wgv,wgv,wgv,bob_5083,150,seq,,,,OB paused at 2020-02-04T08:57:01,0,0,,
334,2020-02-06T13:10:43.530,LOG,GRAVITY,wgv,wgv,wgv,bob_ins,173,seq,,,,OB finished (TERMINATED) in 494 seconds at 2020-02-06T13:10:43,0,0,,
335,2020-02-06T13:10:43.587,LOG,GRAVITY,wgv,wgv,wgv,bob_ins,173,seq,,,,(OBS.NAME: Calibration // OBS.ID: 200385148),0,0,,
336,2020-02-06T13:02:29.414,LOG,GRAVITY,wgv,wgv,wgv,bob_ins,173,seq,,,,OB started at 2020-02-06T13:02:29,0,0,,
337,2020-02-04T12:41:50.197,LOG,GRAVITY,wgv,wgv,wgv,bob_ins,244,seq,,,,(OBS.NAME: ToO calibrations // OBS.ID: 200385148),0,0,,
338,2020-02-04T13:16:39.542,LOG,GRAVITY,wgv,wgv,wgv,bob_ins,244,seq,,,,OB started at 2020-02-04T13:16:39,0,0,,
339,2020-02-04T13:16:39.542,LOG,GRAVITY,wgv,wgv,wgv,bob_ins,244,seq,,,,(OBS.NAME: ToO calibrations // OBS.ID: 200385148),0,0,,
340,2020-02-04T12:21:13.114,LOG,GRAVITY,wgv,wgv,wgv,bob_ins,244,seq,,,,OB started at 2020-02-04T12:21:13,0,0,,
341,2020-02-04T15:38:24.877,LOG,GRAVITY,wgv,wgv,wgv,bob_48642,55,seq,,,,OB finished (TERMINATED) in 6715 seconds at 2020-02-04T15:38:24,0,0,,
342,2020-02-07T06:37:15.574,LOG,GRAVITY,wgv,wgv,wgv,bob_34347,164,seq,,,,OB finished (TERMINATED) in 1827 seconds at 2020-02-07T06:37:15,0,0,,
343,2020-02-01T19:49:09.991,LOG,GRAVITY,wgv,wgv,wgv,bob_ins,89,seq,,,,(OBS.NAME: Calibration // OBS.ID: 200385148),0,0,,
344,2020-02-01T19:44:40.926,LOG,GRAVITY,wgv,wgv,wgv,bob_ins,89,seq,,,,OB aborted after 539 seconds at 2020-02-01T19:44:19,0,0,,
345,2020-02-07T06:06:48.675,LOG,GRAVITY,wgv,wgv,wgv,bob_34347,164,seq,,,,(OBS.NAME: SCI_WDSJ14077 // OBS.ID: 2760612),0,0,,
346,2020-02-07T06:19:56.830,LOG,GRAVITY,wgv,wgv,wgv,bob_34347,164,seq,,,,OB paused at 2020-02-07T06:19:56,0,0,,
347,2020-02-02T00:38:03.127,LOG,GRAVITY,wgv,wgv,wgv,bob_19473,55,seq,,,,(OBS.NAME: B02_HD27442_MED_SPLIT // OBS.ID: 200452177),0,0,,
348,2020-02-02T01:02:06.924,LOG,GRAVITY,wgv,wgv,wgv,bob_19473,55,seq,,,,OB paused at 2020-02-02T01:02:06,0,0,,
349,2020-02-02T01:19:23.469,LOG,GRAVITY,wgv,wgv,wgv,bob_19473,55,seq,,,,OB aborted after 179 seconds at 2020-02-02T01:19:19,0,0,,
350,2020-02-02T01:22:15.554,LOG,GRAVITY,wgv,wgv,wgv,bob_19473,55,seq,,,,(OBS.NAME: SCI_WDS_J05248-5219AB_dual // OBS.ID: 200454490),0,0,,
351,2020-02-02T01:08:05.866,LOG,GRAVITY,wgv,wgv,wgv,bob_19473,55,seq,,,,OB finished (TERMINATED) in 1802 seconds at 2020-02-02T01:08:05,0,0,,
352,2020-02-02T01:46:06.373,LOG,GRAVITY,wgv,wgv,wgv,bob_19473,55,seq,,,,OB aborted after 530 seconds at 2020-02-02T01:46:06,0,0,,
353,2020-02-02T01:36:38.374,LOG,GRAVITY,wgv,wgv,wgv,bob_19473,55,seq,,,,ACK ABORT (red),0,0,,
354,2020-02-02T02:22:15.937,LOG,GRAVITY,wgv,wgv,wgv,bob_19473,55,seq,,,,OB paused at 2020-02-02T02:22:15,0,0,,
355,2020-02-02T01:37:16.864,LOG,GRAVITY,wgv,wgv,wgv,bob_19473,55,seq,,,,OB started at 2020-02-02T01:37:16,0,0,,
356,2020-02-02T01:46:12.615,LOG,GRAVITY,wgv,wgv,wgv,bob_19473,55,seq,,,,OB started at 2020-02-02T01:46:12,0,0,,
357,2020-02-02T01:46:12.615,LOG,GRAVITY,wgv,wgv,wgv,bob_19473,55,seq,,,,(OBS.NAME: SCI_WDS_J04403-5857AB_dual // OBS.ID: 200429868),0,0,,
358,2020-02-02T01:47:31.150,LOG,GRAVITY,wgv,wgv,wgv,bob_19473,55,seq,,,,OB aborted after 67 seconds at 2020-02-02T01:47:19,0,0,,
359,2020-02-05T08:40:56.946,LOG,GRAVITY,wgv,wgv,wgv,bob_20080,155,seq,,,,OB paused at 2020-02-05T08:40:56,0,0,,
360,2020-02-05T14:10:32.991,LOG,GRAVITY,wgv,wgv,wgv,bob_ins,146,seq,,,,(OBS.NAME: Calibration // OBS.ID: -1),0,0,,
361,2020-02-05T12:17:19.772,LOG,GRAVITY,wgv,wgv,wgv,bob_ins,146,seq,,,,OB finished (TERMINATED) in 3211 seconds at 2020-02-05T12:17:19,0,0,,
362,2020-02-01T14:26:48.288,LOG,GRAVITY,wgv,wgv,wgv,bob_ins,89,seq,,,,OB started at 2020-02-01T14:26:48,0,0,,
363,2020-02-01T14:26:48.288,LOG,GRAVITY,wgv,wgv,wgv,bob_ins,89,seq,,,,(OBS.NAME: Calibration // OBS.ID: 200385148),0,0,,
364,2020-02-02T13:42:53.781,LOG,GRAVITY,wgv,wgv,wgv,bob_ins,93,seq,,,,(OBS.NAME: Calibration // OBS.ID: 200385148),0,0,,
365,2020-02-02T09:11:12.029,LOG,GRAVITY,wgv,wgv,wgv,bob_ins,93,seq,,,,(OBS.NAME: ToO calibrations // OBS.ID: 200385148),0,0,,
366,2020-02-02T02:22:20.687,LOG,GRAVITY,wgv,wgv,wgv,bob_19473,55,seq,,,,OB continued at 2020-02-02T02:22:20,0,0,,
367,2020-02-01T20:09:00.554,LOG,GRAVITY,wgv,wgv,wgv,bob_ins,89,seq,,,,OB aborted after 449 seconds at 2020-02-01T20:08:56,0,0,,
368,2020-02-01T19:29:10.594,LOG,GRAVITY,wgv,wgv,wgv,bob_ins,89,seq,,,,OB aborted after 1121 seconds at 2020-02-01T14:45:29,0,0,,
369,2020-02-01T19:49:09.991,LOG,GRAVITY,wgv,wgv,wgv,bob_ins,89,seq,,,,OB started at 2020-02-01T19:49:09,0,0,,
370,2020-02-01T19:35:20.854,LOG,GRAVITY,wgv,wgv,wgv,bob_ins,89,seq,,,,(OBS.NAME: Calibration // OBS.ID: 200385148),0,0,,
371,2020-02-01T20:00:04.951,LOG,GRAVITY,wgv,wgv,wgv,bob_ins,89,seq,,,,OB aborted after 636 seconds at 2020-02-01T19:59:45,0,0,,
372,2020-02-02T01:16:20.634,LOG,GRAVITY,wgv,wgv,wgv,bob_19473,55,seq,,,,OB started at 2020-02-02T01:16:20,0,0,,
373,2020-02-02T01:16:20.635,LOG,GRAVITY,wgv,wgv,wgv,bob_19473,55,seq,,,,(OBS.NAME: SCI_WDS_J05248-5219AB_dual // OBS.ID: 200454490),0,0,,
374,2020-02-02T01:22:15.554,LOG,GRAVITY,wgv,wgv,wgv,bob_19473,55,seq,,,,OB started at 2020-02-02T01:22:15,0,0,,
375,2020-02-02T01:36:38.449,LOG,GRAVITY,wgv,wgv,wgv,bob_19473,55,seq,,,,OB aborted after 863 seconds at 2020-02-02T01:36:38,0,0,,
376,2020-01-28T09:31:15.973,LOG,GRAVITY,wgv,wgv,wgv,bob_15161,186,seq,,,,ACK ABORT (red),0,0,,
377,2020-02-02T09:11:12.029,LOG,GRAVITY,wgv,wgv,wgv,bob_ins,93,seq,,,,OB started at 2020-02-02T09:11:12,0,0,,
378,2020-01-28T09:17:23.183,LOG,GRAVITY,wgv,wgv,wgv,bob_15161,186,seq,,,,OB paused at 2020-01-28T09:17:23,0,0,,
379,2020-01-28T08:39:10.981,LOG,GRAVITY,wgv,wgv,wgv,bob_15161,186,seq,,,,(OBS.NAME: SCI_HD_100546 // OBS.ID: 2728737),0,0,,
380,2020-01-28T08:45:12.684,LOG,GRAVITY,wgv,wgv,wgv,bob_15161,186,seq,,,,OB started at 2020-01-28T08:45:12,0,0,,
381,2020-01-29T08:49:36.993,LOG,GRAVITY,wgv,wgv,wgv,bob_ins,132,seq,,,,(OBS.NAME: ToO calibrations // OBS.ID: 200385148),0,0,,
382,2020-02-02T10:55:06.408,LOG,GRAVITY,wgv,wgv,wgv,bob_ins,93,seq,,,,OB finished (TERMINATED) in 5612 seconds at 2020-02-02T10:55:06,0,0,,
383,2020-01-29T09:15:28.806,LOG,GRAVITY,wgv,wgv,wgv,bob_ins,80,seq,,,,(OBS.NAME: ToO calibrations // OBS.ID: 200385148),0,0,,
384,2020-01-29T08:54:11.076,LOG,GRAVITY,wgv,wgv,wgv,bob_ins,132,seq,,,,OB aborted after 179 seconds at 2020-01-29T08:52:35,0,0,,
385,2020-01-29T13:42:55.749,LOG,GRAVITY,wgv,wgv,wgv,bob_ins,80,seq,,,,OB started at 2020-01-29T13:42:55,0,0,,
386,2020-01-29T13:42:55.749,LOG,GRAVITY,wgv,wgv,wgv,bob_ins,80,seq,,,,(OBS.NAME: Calibration // OBS.ID: 200385148),0,0,,
387,2020-01-29T13:42:09.687,LOG,GRAVITY,wgv,wgv,wgv,bob_ins,80,seq,,,,OB aborted after 0 seconds at 2020-01-29T13:42:07,0,0,,
388,2020-01-29T13:42:07.382,LOG,GRAVITY,wgv,wgv,wgv,bob_ins,80,seq,,,,OB started at 2020-01-29T13:42:07,0,0,,
389,2020-01-29T18:37:09.766,LOG,GRAVITY,wgv,wgv,wgv,bob_ins,80,seq,,,,OB aborted after 778 seconds at 2020-01-29T18:36:40,0,0,,
390,2020-01-29T20:05:17.598,LOG,GRAVITY,wgv,wgv,wgv,bob_46930,120,seq,,,,ACK ABORT (red),0,0,,
391,2020-01-29T18:23:42.223,LOG,GRAVITY,wgv,wgv,wgv,bob_ins,80,seq,,,,(OBS.NAME: ToO calibrations // OBS.ID: 200385148),0,0,,
392,2020-01-29T19:41:35.497,LOG,GRAVITY,wgv,wgv,wgv,bob_46930,120,seq,,,,OB started at 2020-01-29T19:41:35,0,0,,
393,2020-01-29T19:41:35.497,LOG,GRAVITY,wgv,wgv,wgv,bob_46930,120,seq,,,,(OBS.NAME: Calibration // OBS.ID: -1),0,0,,
394,2020-01-29T19:52:37.230,LOG,GRAVITY,wgv,wgv,wgv,bob_46930,120,seq,,,,ACK ABORT (red),0,0,,
395,2020-01-29T19:52:37.307,LOG,GRAVITY,wgv,wgv,wgv,bob_46930,120,seq,,,,OB aborted after 662 seconds at 2020-01-29T19:52:37,0,0,,
396,2020-01-29T23:56:32.934,LOG,GRAVITY,wgv,wgv,wgv,bob_353,225,seq,,,,OB aborted after 142 seconds at 2020-01-29T23:56:29,0,0,,
397,2020-01-30T01:15:20.629,LOG,GRAVITY,wgv,wgv,wgv,bob_353,225,seq,,,,OB started at 2020-01-30T01:15:20,0,0,,
398,2020-01-30T00:20:54.989,LOG,GRAVITY,wgv,wgv,wgv,bob_353,225,seq,,,,OB paused at 2020-01-30T00:20:54,0,0,,
399,2020-01-30T00:35:55.281,LOG,GRAVITY,wgv,wgv,wgv,bob_353,225,seq,,,,OB started at 2020-01-30T00:35:55,0,0,,
400,2020-01-30T00:35:55.281,LOG,GRAVITY,wgv,wgv,wgv,bob_353,225,seq,,,,(OBS.NAME: SCI_DOTau // OBS.ID: 2728782),0,0,,
401,2020-01-29T16:02:14.098,LOG,GRAVITY,wgv,wgv,wgv,bob_ins,80,seq,,,,OB aborted after 428 seconds at 2020-01-29T16:01:26,0,0,,
402,2020-01-30T02:31:48.944,LOG,GRAVITY,wgv,wgv,wgv,bob_353,225,seq,,,,OB aborted after 1016 seconds at 2020-01-30T02:31:48,0,0,,
403,2020-01-30T02:31:42.543,LOG,GRAVITY,wgv,wgv,wgv,bob_353,225,seq,,,,OB paused at 2020-01-30T02:31:42,0,0,,
404,2020-01-30T02:31:59.115,LOG,GRAVITY,wgv,wgv,wgv,bob_353,225,seq,,,,OB started at 2020-01-30T02:31:59,0,0,,
405,2020-01-30T02:31:59.115,LOG,GRAVITY,wgv,wgv,wgv,bob_353,225,seq,,,,(OBS.NAME: CAL_CQTau_HD40003 // OBS.ID: 2734577),0,0,,
406,2020-01-30T02:38:59.478,LOG,GRAVITY,wgv,wgv,wgv,bob_353,225,seq,,,,OB paused at 2020-01-30T02:38:59,0,0,,
407,2020-01-30T02:51:54.650,LOG,GRAVITY,wgv,wgv,wgv,bob_353,225,seq,,,,OB started at 2020-01-30T02:51:54,0,0,,
408,2020-01-28T20:43:00.184,LOG,GRAVITY,wgv,wgv,wgv,bob_26564,143,seq,,,,OB started at 2020-01-28T20:43:00,0,0,,
409,2020-01-28T20:43:00.185,LOG,GRAVITY,wgv,wgv,wgv,bob_26564,143,seq,,,,(OBS.NAME: Calibration // OBS.ID: -1),0,0,,
410,2020-01-28T07:01:19.753,LOG,GRAVITY,wgv,wgv,wgv,bob_15161,186,seq,,,,OB started at 2020-01-28T07:01:19,0,0,,
411,2020-01-28T09:50:40.769,LOG,GRAVITY,wgv,wgv,wgv,bob_ins,88,seq,,,,(OBS.NAME: Calibration // OBS.ID: 200385148),0,0,,
412,2020-01-28T09:39:19.426,LOG,GRAVITY,wgv,wgv,wgv,bob_ins,88,seq,,,,OB started at 2020-01-28T09:39:19,0,0,,
413,2020-01-28T09:39:19.426,LOG,GRAVITY,wgv,wgv,wgv,bob_ins,88,seq,,,,(OBS.NAME: ToO calibrations // OBS.ID: 200385148),0,0,,
414,2020-01-28T11:42:32.708,LOG,GRAVITY,wgv,wgv,wgv,bob_ins,88,seq,,,,OB finished (TERMINATED) in 6712 seconds at 2020-01-28T11:42:32,0,0,,
415,2020-01-29T01:51:06.255,LOG,GRAVITY,wgv,wgv,wgv,bob_26564,143,seq,,,,ACK ABORT (red),0,0,,
416,2020-01-29T01:51:06.327,LOG,GRAVITY,wgv,wgv,wgv,bob_26564,143,seq,,,,OB aborted after 218 seconds at 2020-01-29T01:51:06,0,0,,
417,2020-01-29T01:51:09.280,LOG,GRAVITY,wgv,wgv,wgv,bob_26564,143,seq,,,,OB started at 2020-01-29T01:51:09,0,0,,
418,2020-01-29T01:47:28.915,LOG,GRAVITY,wgv,wgv,wgv,bob_26564,143,seq,,,,OB started at 2020-01-29T01:47:28,0,0,,
419,2020-01-29T02:34:56.399,LOG,GRAVITY,wgv,wgv,wgv,bob_26564,143,seq,,,,OB paused at 2020-01-29T02:34:56,0,0,,
420,2020-01-29T02:20:27.018,LOG,GRAVITY,wgv,wgv,wgv,bob_26564,143,seq,,,,ERROR: ACK ABORT (red),0,0,,
421,2020-01-29T02:20:27.062,LOG,GRAVITY,wgv,wgv,wgv,bob_26564,143,seq,,,,OB aborted after 484 seconds at 2020-01-29T02:20:27,0,0,,
422,2020-01-29T02:22:34.629,LOG,GRAVITY,wgv,wgv,wgv,bob_26564,143,seq,,,,OB started at 2020-01-29T02:22:34,0,0,,
423,2020-01-29T02:29:10.783,LOG,GRAVITY,wgv,wgv,wgv,bob_26564,143,seq,,,,OB started at 2020-01-29T02:29:10,0,0,,
424,2020-01-29T02:52:39.082,LOG,GRAVITY,wgv,wgv,wgv,bob_26564,143,seq,,,,OB started at 2020-01-29T02:52:39,0,0,,
425,2020-01-29T04:06:47.985,LOG,GRAVITY,wgv,wgv,wgv,bob_26564,143,seq,,,,OB started at 2020-01-29T04:06:47,0,0,,
426,2020-01-29T04:30:51.762,LOG,GRAVITY,wgv,wgv,wgv,bob_26564,143,seq,,,,OB paused at 2020-01-29T04:30:51,0,0,,
427,2020-01-29T04:11:27.065,LOG,GRAVITY,wgv,wgv,wgv,bob_26564,143,seq,,,,OB paused at 2020-01-29T04:11:27,0,0,,
428,2020-01-28T01:59:15.572,LOG,GRAVITY,wgv,wgv,wgv,bob_10474,209,seq,,,,(OBS.NAME: SCI_V380_Ori // OBS.ID: 2731532),0,0,,
429,2020-01-28T02:04:13.134,LOG,GRAVITY,wgv,wgv,wgv,bob_10474,209,seq,,,,OB continued at 2020-01-28T02:04:13,0,0,,
430,2020-01-28T02:04:09.159,LOG,GRAVITY,wgv,wgv,wgv,bob_10474,209,seq,,,,OB paused at 2020-01-28T02:04:09,0,0,,
431,2020-01-28T01:59:07.468,LOG,GRAVITY,wgv,wgv,wgv,bob_10474,209,seq,,,,OB finished (TERMINATED) in 1515 seconds at 2020-01-28T01:59:07,0,0,,
432,2020-01-28T01:33:52.042,LOG,GRAVITY,wgv,wgv,wgv,bob_10474,209,seq,,,,(OBS.NAME: CAL_V380_Ori // OBS.ID: 2731535),0,0,,
433,2020-01-28T07:16:31.842,LOG,GRAVITY,wgv,wgv,wgv,bob_15161,186,seq,,,,OB continued at 2020-01-28T07:16:31,0,0,,
434,2020-01-28T07:28:10.936,LOG,GRAVITY,wgv,wgv,wgv,bob_15161,186,seq,,,,ACK ABORT (red),0,0,,
435,2020-01-28T07:11:28.725,LOG,GRAVITY,wgv,wgv,wgv,bob_15161,186,seq,,,,OB started at 2020-01-28T07:11:28,0,0,,
436,2020-01-28T07:39:56.997,LOG,GRAVITY,wgv,wgv,wgv,bob_15161,186,seq,,,,(OBS.NAME: SCI_HD_100546 // OBS.ID: 2728737),0,0,,
437,2020-01-28T07:06:01.390,LOG,GRAVITY,wgv,wgv,wgv,bob_15161,186,seq,,,,(OBS.NAME: CAL_HD_100546 // OBS.ID: 2728742),0,0,,
438,2020-01-28T07:09:59.387,LOG,GRAVITY,wgv,wgv,wgv,bob_15161,186,seq,,,,(OBS.NAME: CAL_HD_100546 // OBS.ID: 2728742),0,0,,
439,2020-01-28T07:28:20.386,LOG,GRAVITY,wgv,wgv,wgv,bob_15161,186,seq,,,,OB started at 2020-01-28T07:28:20,0,0,,
440,2020-01-28T02:49:49.818,LOG,GRAVITY,wgv,wgv,wgv,bob_10474,209,seq,,,,OB finished (TERMINATED) in 3034 seconds at 2020-01-28T02:49:49,0,0,,
441,2020-01-28T03:34:07.234,LOG,GRAVITY,wgv,wgv,wgv,bob_10474,209,seq,,,,OB aborted after 192 seconds at 2020-01-28T03:34:07,0,0,,
442,2020-01-28T03:47:05.144,LOG,GRAVITY,wgv,wgv,wgv,bob_10474,209,seq,,,,OB paused at 2020-01-28T03:47:05,0,0,,
443,2020-01-28T04:03:08.325,LOG,GRAVITY,wgv,wgv,wgv,bob_10474,209,seq,,,,OB paused at 2020-01-28T04:03:08,0,0,,
444,2020-01-28T04:03:11.767,LOG,GRAVITY,wgv,wgv,wgv,bob_10474,209,seq,,,,OB continued at 2020-01-28T04:03:11,0,0,,
445,2020-01-28T03:58:47.357,LOG,GRAVITY,wgv,wgv,wgv,bob_10474,209,seq,,,,OB started at 2020-01-28T03:58:47,0,0,,
446,2020-01-28T03:58:40.026,LOG,GRAVITY,wgv,wgv,wgv,bob_10474,209,seq,,,,OB finished (TERMINATED) in 983 seconds at 2020-01-28T03:58:39,0,0,,
447,2020-01-28T03:30:37.458,LOG,GRAVITY,wgv,wgv,wgv,bob_10474,209,seq,,,,OB finished (TERMINATED) in 1039 seconds at 2020-01-28T03:30:37,0,0,,
448,2020-01-28T03:42:16.903,LOG,GRAVITY,wgv,wgv,wgv,bob_10474,209,seq,,,,(OBS.NAME: CAL_HD58647_HD60325 // OBS.ID: 2731968),0,0,,
449,2020-01-28T03:34:18.101,LOG,GRAVITY,wgv,wgv,wgv,bob_10474,209,seq,,,,(OBS.NAME: CAL_HD58647_HD60325 // OBS.ID: 2731968),0,0,,
450,2020-01-28T03:42:11.360,LOG,GRAVITY,wgv,wgv,wgv,bob_10474,209,seq,,,,OB aborted after 473 seconds at 2020-01-28T03:42:11,0,0,,
451,2020-01-27T22:01:31.084,LOG,GRAVITY,wgv,wgv,wgv,bob_10474,209,seq,,,,OB started at 2020-01-27T22:01:31,0,0,,
452,2020-01-28T01:04:29.525,LOG,GRAVITY,wgv,wgv,wgv,bob_10474,209,seq,,,,OB started at 2020-01-28T01:04:29,0,0,,
453,2020-01-28T01:04:29.525,LOG,GRAVITY,wgv,wgv,wgv,bob_10474,209,seq,,,,(OBS.NAME: CAL_CQTau_2MASS // OBS.ID: 2734574),0,0,,
454,2020-01-28T01:02:53.526,LOG,GRAVITY,wgv,wgv,wgv,bob_10474,209,seq,,,,OB started at 2020-01-28T01:02:53,0,0,,
455,2020-01-28T01:04:07.980,LOG,GRAVITY,wgv,wgv,wgv,bob_10474,209,seq,,,,OB aborted after 66 seconds at 2020-01-28T01:03:59,0,0,,
456,2020-01-28T01:06:25.065,LOG,GRAVITY,wgv,wgv,wgv,bob_10474,209,seq,,,,OB aborted after 64 seconds at 2020-01-28T01:06:21,0,0,,
457,2020-01-28T01:06:45.157,LOG,GRAVITY,wgv,wgv,wgv,bob_10474,209,seq,,,,(OBS.NAME: CAL_CQTau_2MASS // OBS.ID: 2734574),0,0,,
458,2020-01-29T07:36:32.530,LOG,GRAVITY,wgv,wgv,wgv,bob_13989,15,seq,,,,OB started at 2020-01-29T07:36:32,0,0,,
459,2020-01-29T07:36:32.530,LOG,GRAVITY,wgv,wgv,wgv,bob_13989,15,seq,,,,(OBS.NAME: SCI_WWCha // OBS.ID: 2728367),0,0,,
460,2020-01-29T07:25:41.402,LOG,GRAVITY,wgv,wgv,wgv,bob_26564,143,seq,,,,OB finished (TERMINATED) in 1163 seconds at 2020-01-29T07:25:41,0,0,,
461,2020-01-29T07:25:46.737,LOG,GRAVITY,wgv,wgv,wgv,bob_26564,143,seq,,,,OB started at 2020-01-29T07:25:46,0,0,,
462,2020-01-25T03:40:12.862,LOG,GRAVITY,wgv,wgv,wgv,bob_ins,200,seq,,,,OB started at 2020-01-25T03:40:12,0,0,,
463,2020-01-27T23:53:49.598,LOG,GRAVITY,wgv,wgv,wgv,bob_10474,209,seq,,,,OB aborted after 297 seconds at 2020-01-27T23:53:46,0,0,,
464,2020-01-27T22:08:59.621,LOG,GRAVITY,wgv,wgv,wgv,bob_10474,209,seq,,,,OB started at 2020-01-27T22:08:59,0,0,,
465,2020-01-27T22:34:39.048,LOG,GRAVITY,wgv,wgv,wgv,bob_10474,209,seq,,,,OB finished (TERMINATED) in 1539 seconds at 2020-01-27T22:34:38,0,0,,
466,2020-01-28T05:05:31.722,LOG,GRAVITY,wgv,wgv,wgv,bob_10474,209,seq,,,,(OBS.NAME: CAL_HD45677_HD44423 // OBS.ID: 2734740),0,0,,
467,2020-01-28T05:28:23.398,LOG,GRAVITY,wgv,wgv,wgv,bob_15161,186,seq,,,,(OBS.NAME: CAL_HD45677_HD44423 // OBS.ID: 2734740),0,0,,
468,2020-01-28T05:20:35.197,LOG,GRAVITY,wgv,wgv,wgv,bob_15161,186,seq,,,,ERROR: ACK ABORT (red),0,0,,
469,2020-01-27T19:31:29.827,LOG,GRAVITY,wgv,wgv,wgv,bob_10474,209,seq,,,,OB started at 2020-01-27T19:31:29,0,0,,
470,2020-01-27T19:10:03.869,LOG,GRAVITY,wgv,wgv,wgv,bob_ins,180,seq,,,,OB finished (TERMINATED) in 978 seconds at 2020-01-27T19:10:03,0,0,,
471,2020-01-27T23:59:28.600,LOG,GRAVITY,wgv,wgv,wgv,bob_10474,209,seq,,,,OB aborted after 57 seconds at 2020-01-27T23:59:13,0,0,,
472,2020-01-28T00:08:05.428,LOG,GRAVITY,wgv,wgv,wgv,bob_10474,209,seq,,,,OB started at 2020-01-28T00:08:05,0,0,,
473,2020-01-28T00:08:05.428,LOG,GRAVITY,wgv,wgv,wgv,bob_10474,209,seq,,,,(OBS.NAME: CAL_HD27525 // OBS.ID: 2728821),0,0,,
474,2020-01-28T05:37:50.936,LOG,GRAVITY,wgv,wgv,wgv,bob_15161,186,seq,,,,OB paused at 2020-01-28T05:37:50,0,0,,
475,2020-01-28T05:37:56.557,LOG,GRAVITY,wgv,wgv,wgv,bob_15161,186,seq,,,,OB continued at 2020-01-28T05:37:56,0,0,,
476,2020-01-28T00:58:49.231,LOG,GRAVITY,wgv,wgv,wgv,bob_10474,209,seq,,,,OB started at 2020-01-28T00:58:49,0,0,,
477,2020-01-27T20:41:51.137,LOG,GRAVITY,wgv,wgv,wgv,bob_10474,209,seq,,,,OB finished (TERMINATED) in 4222 seconds at 2020-01-27T20:41:51,0,0,,
478,2020-01-29T05:39:12.471,LOG,GRAVITY,wgv,wgv,wgv,bob_26564,143,seq,,,,OB started at 2020-01-29T05:39:12,0,0,,
479,2020-01-29T05:40:15.285,LOG,GRAVITY,wgv,wgv,wgv,bob_26564,143,seq,,,,ERROR: ACK ABORT (red),0,0,,
480,2020-01-29T05:40:15.360,LOG,GRAVITY,wgv,wgv,wgv,bob_26564,143,seq,,,,OB aborted after 63 seconds at 2020-01-29T05:40:15,0,0,,
481,2020-01-29T06:03:52.987,LOG,GRAVITY,wgv,wgv,wgv,bob_26564,143,seq,,,,ACK ABORT (red),0,0,,
482,2020-01-29T05:27:35.653,LOG,GRAVITY,wgv,wgv,wgv,bob_26564,143,seq,,,,OB continued at 2020-01-29T05:27:35,0,0,,
483,2020-01-29T06:10:48.785,LOG,GRAVITY,wgv,wgv,wgv,bob_26564,143,seq,,,,ERROR: ACK ABORT (red),0,0,,
484,2020-01-29T06:10:53.325,LOG,GRAVITY,wgv,wgv,wgv,bob_26564,143,seq,,,,(OBS.NAME: SCI-Z_CMA // OBS.ID: 2731198),0,0,,
485,2020-01-29T05:39:06.702,LOG,GRAVITY,wgv,wgv,wgv,bob_26564,143,seq,,,,OB finished (TERMINATED) in 971 seconds at 2020-01-29T05:39:06,0,0,,
486,2020-01-29T05:51:13.335,LOG,GRAVITY,wgv,wgv,wgv,bob_26564,143,seq,,,,(OBS.NAME: SCI-Z_CMA // OBS.ID: 2731198),0,0,,
487,2020-01-29T05:58:10.955,LOG,GRAVITY,wgv,wgv,wgv,bob_26564,143,seq,,,,OB paused at 2020-01-29T05:58:10,0,0,,
488,2020-01-29T05:58:13.519,LOG,GRAVITY,wgv,wgv,wgv,bob_26564,143,seq,,,,OB continued at 2020-01-29T05:58:13,0,0,,
489,2020-01-29T05:22:55.492,LOG,GRAVITY,wgv,wgv,wgv,bob_26564,143,seq,,,,(OBS.NAME: CAL-ZMA-HR2657-1 // OBS.ID: 2731201),0,0,,
490,2020-01-29T09:24:02.166,LOG,GRAVITY,wgv,wgv,wgv,bob_ins,80,seq,,,,OB started at 2020-01-29T09:24:02,0,0,,
491,2020-01-29T07:14:09.969,LOG,GRAVITY,wgv,wgv,wgv,bob_26564,143,seq,,,,OB paused at 2020-01-29T07:14:09,0,0,,
492,2020-01-29T08:45:53.600,LOG,GRAVITY,wgv,wgv,wgv,bob_ins,132,seq,,,,OB started at 2020-01-29T08:45:53,0,0,,
493,2020-01-30T03:19:27.998,LOG,GRAVITY,wgv,wgv,wgv,bob_353,225,seq,,,,OB aborted after 114 seconds at 2020-01-30T03:19:21,0,0,,
494,2020-01-30T04:27:59.880,LOG,GRAVITY,wgv,wgv,wgv,bob_353,225,seq,,,,OB finished (TERMINATED) in 3736 seconds at 2020-01-30T04:27:59,0,0,,
495,2020-01-30T05:11:12.410,LOG,GRAVITY,wgv,wgv,wgv,bob_1316,108,seq,,,,OB started at 2020-01-30T05:11:12,0,0,,
496,2020-01-30T04:59:38.125,LOG,GRAVITY,wgv,wgv,wgv,bob_1316,108,seq,,,,OB continued at 2020-01-30T04:59:38,0,0,,
497,2020-01-30T04:28:17.003,LOG,GRAVITY,wgv,wgv,wgv,bob_353,225,seq,,,,OB started at 2020-01-30T04:28:17,0,0,,
498,2020-01-30T04:28:17.003,LOG,GRAVITY,wgv,wgv,wgv,bob_353,225,seq,,,,(OBS.NAME: SCI-V1818Ori_2 // OBS.ID: 2731556),0,0,,
499,2020-01-30T04:54:34.294,LOG,GRAVITY,wgv,wgv,wgv,bob_1316,108,seq,,,,OB started at 2020-01-30T04:54:34,0,0,,
500,2020-01-30T04:54:34.294,LOG,GRAVITY,wgv,wgv,wgv,bob_1316,108,seq,,,,(OBS.NAME: CAL_HPCha_HD98143_D0G2J3K0_HIGH // OBS.ID: 2731545),0,0,,
501,2020-01-24T14:03:46.758,LOG,GRAVITY,wgv,wgv,wgv,bob_ins,64,seq,,,,(OBS.NAME: Maintenance // OBS.ID: -1),0,0,,
502,2020-01-24T13:49:58.857,LOG,GRAVITY,wgv,wgv,wgv,bob_ins,64,seq,,,,OB aborted after 133 seconds at 2020-01-24T13:48:44,0,0,,
503,2020-01-24T13:46:31.816,LOG,GRAVITY,wgv,wgv,wgv,bob_ins,64,seq,,,,OB started at 2020-01-24T13:46:31,0,0,,
504,2020-01-26T21:29:23.192,LOG,GRAVITY,wgv,wgv,wgv,bob_19686,51,seq,,,,OB continued at 2020-01-26T21:29:23,0,0,,
505,2020-01-26T20:47:46.694,LOG,GRAVITY,wgv,wgv,wgv,bob_19686,51,seq,,,,OB paused at 2020-01-26T20:47:46,0,0,,
506,2020-01-26T20:48:20.418,LOG,GRAVITY,wgv,wgv,wgv,bob_19686,51,seq,,,,OB continued at 2020-01-26T20:48:20,0,0,,
507,2020-01-26T20:12:18.140,LOG,GRAVITY,wgv,wgv,wgv,bob_19686,51,seq,,,,OB continued at 2020-01-26T20:12:18,0,0,,
508,2020-01-26T20:00:47.949,LOG,GRAVITY,wgv,wgv,wgv,bob_19686,51,seq,,,,OB finished (TERMINATED) in 4193 seconds at 2020-01-26T20:00:47,0,0,,
509,2020-01-27T02:36:35.584,LOG,GRAVITY,wgv,wgv,wgv,bob_19686,51,seq,,,,(OBS.NAME: SCI_HD45677 // OBS.ID: 2728375),0,0,,
510,2020-01-27T01:39:51.702,LOG,GRAVITY,wgv,wgv,wgv,bob_19686,51,seq,,,,OB started at 2020-01-27T01:39:51,0,0,,
511,2020-01-27T00:52:30.714,LOG,GRAVITY,wgv,wgv,wgv,bob_19686,51,seq,,,,OB started at 2020-01-27T00:52:30,0,0,,
512,2020-01-27T01:00:46.961,LOG,GRAVITY,wgv,wgv,wgv,bob_19686,51,seq,,,,(OBS.NAME: CAL_HD45677_HD43847 // OBS.ID: 2731600),0,0,,
513,2020-01-27T03:34:44.256,LOG,GRAVITY,wgv,wgv,wgv,bob_19686,51,seq,,,,OB finished (TERMINATED) in 1015 seconds at 2020-01-27T03:34:44,0,0,,
514,2020-01-27T03:34:51.291,LOG,GRAVITY,wgv,wgv,wgv,bob_19686,51,seq,,,,(OBS.NAME: SCI_HD_58647 // OBS.ID: 2728776),0,0,,
515,2020-01-27T02:53:35.084,LOG,GRAVITY,wgv,wgv,wgv,bob_19686,51,seq,,,,OB finished (TERMINATED) in 1020 seconds at 2020-01-27T02:53:35,0,0,,
516,2020-01-27T03:17:33.288,LOG,GRAVITY,wgv,wgv,wgv,bob_19686,51,seq,,,,OB finished (TERMINATED) in 1429 seconds at 2020-01-27T03:17:33,0,0,,
517,2020-01-29T01:51:09.280,LOG,GRAVITY,wgv,wgv,wgv,bob_26564,143,seq,,,,(OBS.NAME: CAL_UXOri_HD32043 // OBS.ID: 2731267),0,0,,
518,2020-01-29T02:22:34.629,LOG,GRAVITY,wgv,wgv,wgv,bob_26564,143,seq,,,,(OBS.NAME: CAL_UXOri_HD32043 // OBS.ID: 2731267),0,0,,
519,2020-01-29T02:29:10.784,LOG,GRAVITY,wgv,wgv,wgv,bob_26564,143,seq,,,,(OBS.NAME: CAL_UXOri_HD32043 // OBS.ID: 2731267),0,0,,
520,2020-01-29T02:20:45.253,LOG,GRAVITY,wgv,wgv,wgv,bob_26564,143,seq,,,,(OBS.NAME: CAL_UXOri_HD32043 // OBS.ID: 2731267),0,0,,
521,2020-01-29T02:20:27.021,LOG,GRAVITY,wgv,wgv,wgv,bob_26564,143,seq,,,,ACK ABORT (red),0,0,,
522,2020-01-29T02:59:55.524,LOG,GRAVITY,wgv,wgv,wgv,bob_26564,143,seq,,,,OB continued at 2020-01-29T02:59:55,0,0,,
523,2020-01-29T02:21:50.151,LOG,GRAVITY,wgv,wgv,wgv,bob_26564,143,seq,,,,OB aborted after 62 seconds at 2020-01-29T02:21:47,0,0,,
524,2020-01-29T02:34:58.760,LOG,GRAVITY,wgv,wgv,wgv,bob_26564,143,seq,,,,OB continued at 2020-01-29T02:34:58,0,0,,
525,2020-01-29T02:59:33.359,LOG,GRAVITY,wgv,wgv,wgv,bob_26564,143,seq,,,,OB paused at 2020-01-29T02:59:33,0,0,,
526,2020-01-29T03:32:01.006,LOG,GRAVITY,wgv,wgv,wgv,bob_26564,143,seq,,,,OB finished (TERMINATED) in 2361 seconds at 2020-01-29T03:32:00,0,0,,
527,2020-01-29T03:32:30.681,LOG,GRAVITY,wgv,wgv,wgv,bob_26564,143,seq,,,,OB started at 2020-01-29T03:32:30,0,0,,
528,2020-01-29T03:32:30.681,LOG,GRAVITY,wgv,wgv,wgv,bob_26564,143,seq,,,,(OBS.NAME: SCI_UXOri // OBS.ID: 2731223),0,0,,
529,2020-01-29T04:23:10.440,LOG,GRAVITY,wgv,wgv,wgv,bob_26564,143,seq,,,,(OBS.NAME: SCI_HD45677 // OBS.ID: 2728375),0,0,,
530,2020-01-29T04:23:04.507,LOG,GRAVITY,wgv,wgv,wgv,bob_26564,143,seq,,,,OB finished (TERMINATED) in 977 seconds at 2020-01-29T04:23:04,0,0,,
531,2020-01-29T04:30:55.255,LOG,GRAVITY,wgv,wgv,wgv,bob_26564,143,seq,,,,OB continued at 2020-01-29T04:30:55,0,0,,
532,2020-01-29T04:06:47.985,LOG,GRAVITY,wgv,wgv,wgv,bob_26564,143,seq,,,,(OBS.NAME: CAL_HD45677_HD44423 // OBS.ID: 2734740),0,0,,
533,2020-01-29T05:22:55.492,LOG,GRAVITY,wgv,wgv,wgv,bob_26564,143,seq,,,,OB started at 2020-01-29T05:22:55,0,0,,
534,2020-01-29T05:22:49.286,LOG,GRAVITY,wgv,wgv,wgv,bob_26564,143,seq,,,,OB finished (TERMINATED) in 3579 seconds at 2020-01-29T05:22:49,0,0,,
535,2020-01-29T05:39:12.471,LOG,GRAVITY,wgv,wgv,wgv,bob_26564,143,seq,,,,(OBS.NAME: SCI-Z_CMA // OBS.ID: 2731198),0,0,,
536,2020-01-29T05:51:13.335,LOG,GRAVITY,wgv,wgv,wgv,bob_26564,143,seq,,,,OB started at 2020-01-29T05:51:13,0,0,,
537,2020-01-28T02:50:13.669,LOG,GRAVITY,wgv,wgv,wgv,bob_10474,209,seq,,,,OB started at 2020-01-28T02:50:13,0,0,,
538,2020-01-28T03:30:55.441,LOG,GRAVITY,wgv,wgv,wgv,bob_10474,209,seq,,,,(OBS.NAME: CAL_HD58647_HD60325 // OBS.ID: 2731968),0,0,,
539,2020-01-28T03:58:47.357,LOG,GRAVITY,wgv,wgv,wgv,bob_10474,209,seq,,,,(OBS.NAME: SCI_HD_58647 // OBS.ID: 2728776),0,0,,
540,2020-01-28T03:42:16.903,LOG,GRAVITY,wgv,wgv,wgv,bob_10474,209,seq,,,,OB started at 2020-01-28T03:42:16,0,0,,
541,2020-01-28T03:34:07.185,LOG,GRAVITY,wgv,wgv,wgv,bob_10474,209,seq,,,,ACK ABORT (red),0,0,,
542,2020-01-28T07:11:09.643,LOG,GRAVITY,wgv,wgv,wgv,bob_15161,186,seq,,,,OB aborted after 67 seconds at 2020-01-28T07:11:06,0,0,,
543,2020-01-28T07:11:28.725,LOG,GRAVITY,wgv,wgv,wgv,bob_15161,186,seq,,,,(OBS.NAME: CAL_HD_100546 // OBS.ID: 2728742),0,0,,
544,2020-01-28T07:06:01.390,LOG,GRAVITY,wgv,wgv,wgv,bob_15161,186,seq,,,,OB started at 2020-01-28T07:06:01,0,0,,
545,2020-01-28T07:16:28.755,LOG,GRAVITY,wgv,wgv,wgv,bob_15161,186,seq,,,,OB paused at 2020-01-28T07:16:28,0,0,,
546,2020-01-26T18:50:54.621,LOG,GRAVITY,wgv,wgv,wgv,bob_19686,51,seq,,,,OB started at 2020-01-26T18:50:54,0,0,,
547,2020-01-26T18:50:54.621,LOG,GRAVITY,wgv,wgv,wgv,bob_19686,51,seq,,,,(OBS.NAME: Calibration // OBS.ID: -1),0,0,,
548,2020-01-28T07:39:56.997,LOG,GRAVITY,wgv,wgv,wgv,bob_15161,186,seq,,,,OB started at 2020-01-28T07:39:56,0,0,,
549,2020-01-28T07:39:48.558,LOG,GRAVITY,wgv,wgv,wgv,bob_15161,186,seq,,,,OB finished (TERMINATED) in 688 seconds at 2020-01-28T07:39:48,0,0,,
550,2020-01-26T20:04:40.287,LOG,GRAVITY,wgv,wgv,wgv,bob_19686,51,seq,,,,OB started at 2020-01-26T20:04:40,0,0,,
551,2020-01-28T05:05:26.696,LOG,GRAVITY,wgv,wgv,wgv,bob_10474,209,seq,,,,OB finished (TERMINATED) in 3999 seconds at 2020-01-28T05:05:26,0,0,,
552,2020-01-27T01:26:39.871,LOG,GRAVITY,wgv,wgv,wgv,bob_19686,51,seq,,,,OB continued at 2020-01-27T01:26:39,0,0,,
553,2020-01-27T01:38:10.324,LOG,GRAVITY,wgv,wgv,wgv,bob_19686,51,seq,,,,OB finished (TERMINATED) in 2244 seconds at 2020-01-27T01:38:10,0,0,,
554,2020-01-27T01:26:25.389,LOG,GRAVITY,wgv,wgv,wgv,bob_19686,51,seq,,,,OB paused at 2020-01-27T01:26:25,0,0,,
555,2020-01-27T01:00:35.818,LOG,GRAVITY,wgv,wgv,wgv,bob_19686,51,seq,,,,OB aborted after 60 seconds at 2020-01-27T01:00:32,0,0,,
556,2020-01-27T01:00:46.960,LOG,GRAVITY,wgv,wgv,wgv,bob_19686,51,seq,,,,OB started at 2020-01-27T01:00:46,0,0,,
557,2020-01-27T05:08:35.409,LOG,GRAVITY,wgv,wgv,wgv,bob_19686,51,seq,,,,ACK ABORT (red),0,0,,
558,2020-01-27T05:01:02.255,LOG,GRAVITY,wgv,wgv,wgv,bob_19686,51,seq,,,,(OBS.NAME: CAL_HD_58647_HD58791 // OBS.ID: 2731873),0,0,,
559,2020-01-27T04:59:14.034,LOG,GRAVITY,wgv,wgv,wgv,bob_19686,51,seq,,,,(OBS.NAME: CAL_HD_58647_HD58791 // OBS.ID: 2731873),0,0,,
560,2020-01-27T00:57:15.778,LOG,GRAVITY,wgv,wgv,wgv,bob_19686,51,seq,,,,OB started at 2020-01-27T00:57:15,0,0,,
561,2020-01-27T00:57:15.779,LOG,GRAVITY,wgv,wgv,wgv,bob_19686,51,seq,,,,(OBS.NAME: CAL_HD45677_HD43847 // OBS.ID: 2731600),0,0,,
562,2020-01-27T05:00:25.185,LOG,GRAVITY,wgv,wgv,wgv,bob_19686,51,seq,,,,OB aborted after 57 seconds at 2020-01-27T05:00:11,0,0,,
563,2020-01-27T05:08:43.741,LOG,GRAVITY,wgv,wgv,wgv,bob_19686,51,seq,,,,OB started at 2020-01-27T05:08:43,0,0,,
564,2020-01-27T00:59:32.404,LOG,GRAVITY,wgv,wgv,wgv,bob_19686,51,seq,,,,OB started at 2020-01-27T00:59:32,0,0,,
565,2020-01-27T05:47:34.272,LOG,GRAVITY,wgv,wgv,wgv,bob_19686,51,seq,,,,OB started at 2020-01-27T05:47:34,0,0,,
566,2020-01-27T05:27:31.071,LOG,GRAVITY,wgv,wgv,wgv,bob_19686,51,seq,,,,OB finished (TERMINATED) in 1128 seconds at 2020-01-27T05:27:31,0,0,,
567,2020-01-27T02:36:35.584,LOG,GRAVITY,wgv,wgv,wgv,bob_19686,51,seq,,,,OB started at 2020-01-27T02:36:35,0,0,,
568,2020-01-27T05:27:40.127,LOG,GRAVITY,wgv,wgv,wgv,bob_19686,51,seq,,,,OB started at 2020-01-27T05:27:40,0,0,,
569,2020-01-27T02:36:09.610,LOG,GRAVITY,wgv,wgv,wgv,bob_19686,51,seq,,,,OB finished (TERMINATED) in 3378 seconds at 2020-01-27T02:36:09,0,0,,
570,2020-01-27T05:47:27.295,LOG,GRAVITY,wgv,wgv,wgv,bob_19686,51,seq,,,,OB finished (TERMINATED) in 1187 seconds at 2020-01-27T05:47:27,0,0,,
571,2020-01-27T02:53:44.607,LOG,GRAVITY,wgv,wgv,wgv,bob_19686,51,seq,,,,OB started at 2020-01-27T02:53:44,0,0,,
572,2020-01-27T02:53:44.608,LOG,GRAVITY,wgv,wgv,wgv,bob_19686,51,seq,,,,(OBS.NAME: CAL_HD45677_HD49794 // OBS.ID: 2731825),0,0,,
573,2020-01-28T02:50:13.669,LOG,GRAVITY,wgv,wgv,wgv,bob_10474,209,seq,,,,(OBS.NAME: SCI_V380_Ori // OBS.ID: 2731532),0,0,,
574,2020-01-28T01:33:12.900,LOG,GRAVITY,wgv,wgv,wgv,bob_10474,209,seq,,,,ERROR: ACK ABORT (red),0,0,,
575,2020-01-28T01:33:12.908,LOG,GRAVITY,wgv,wgv,wgv,bob_10474,209,seq,,,,ACK ABORT (red),0,0,,
576,2020-01-28T01:17:16.442,LOG,GRAVITY,wgv,wgv,wgv,bob_10474,209,seq,,,,OB started at 2020-01-28T01:17:16,0,0,,
577,2020-01-28T01:13:20.133,LOG,GRAVITY,wgv,wgv,wgv,bob_10474,209,seq,,,,ERROR: ACK ABORT (red),0,0,,
578,2020-01-28T00:57:48.425,LOG,GRAVITY,wgv,wgv,wgv,bob_10474,209,seq,,,,OB started at 2020-01-28T00:57:48,0,0,,
579,2020-01-28T09:50:40.704,LOG,GRAVITY,wgv,wgv,wgv,bob_ins,88,seq,,,,OB finished (TERMINATED) in 681 seconds at 2020-01-28T09:50:40,0,0,,
580,2020-01-27T23:58:16.115,LOG,GRAVITY,wgv,wgv,wgv,bob_10474,209,seq,,,,(OBS.NAME: CAL_HD27525 // OBS.ID: 2728821),0,0,,
581,2020-01-28T01:02:53.526,LOG,GRAVITY,wgv,wgv,wgv,bob_10474,209,seq,,,,(OBS.NAME: CAL_CQTau_2MASS // OBS.ID: 2734574),0,0,,
582,2020-01-28T00:53:31.770,LOG,GRAVITY,wgv,wgv,wgv,bob_10474,209,seq,,,,OB aborted after 61 seconds at 2020-01-28T00:09:06,0,0,,
583,2020-01-28T00:57:56.588,LOG,GRAVITY,wgv,wgv,wgv,bob_10474,209,seq,,,,ACK ABORT (red),0,0,,
584,2020-01-28T00:57:56.648,LOG,GRAVITY,wgv,wgv,wgv,bob_10474,209,seq,,,,OB aborted after 8 seconds at 2020-01-28T00:57:56,0,0,,
585,2020-01-28T01:05:12.808,LOG,GRAVITY,wgv,wgv,wgv,bob_10474,209,seq,,,,ACK ABORT (red),0,0,,
586,2020-01-28T01:05:17.701,LOG,GRAVITY,wgv,wgv,wgv,bob_10474,209,seq,,,,(OBS.NAME: CAL_CQTau_2MASS // OBS.ID: 2734574),0,0,,
587,2020-01-29T07:06:18.891,LOG,GRAVITY,wgv,wgv,wgv,bob_26564,143,seq,,,,OB started at 2020-01-29T07:06:18,0,0,,
588,2020-01-29T07:14:12.567,LOG,GRAVITY,wgv,wgv,wgv,bob_26564,143,seq,,,,OB continued at 2020-01-29T07:14:12,0,0,,
589,2020-01-27T23:48:49.574,LOG,GRAVITY,wgv,wgv,wgv,bob_10474,209,seq,,,,OB started at 2020-01-27T23:48:49,0,0,,
590,2020-01-27T23:48:49.574,LOG,GRAVITY,wgv,wgv,wgv,bob_10474,209,seq,,,,(OBS.NAME: CAL_HD27525 // OBS.ID: 2728821),0,0,,
591,2020-01-28T03:47:08.318,LOG,GRAVITY,wgv,wgv,wgv,bob_10474,209,seq,,,,OB continued at 2020-01-28T03:47:08,0,0,,
592,2020-01-28T03:34:18.101,LOG,GRAVITY,wgv,wgv,wgv,bob_10474,209,seq,,,,OB started at 2020-01-28T03:34:18,0,0,,
593,2020-01-28T03:13:14.124,LOG,GRAVITY,wgv,wgv,wgv,bob_10474,209,seq,,,,OB finished (TERMINATED) in 1381 seconds at 2020-01-28T03:13:14,0,0,,
594,2020-01-28T03:30:55.441,LOG,GRAVITY,wgv,wgv,wgv,bob_10474,209,seq,,,,OB started at 2020-01-28T03:30:55,0,0,,
595,2020-01-28T03:42:11.298,LOG,GRAVITY,wgv,wgv,wgv,bob_10474,209,seq,,,,ERROR: ACK ABORT (red),0,0,,
596,2020-01-28T03:42:11.302,LOG,GRAVITY,wgv,wgv,wgv,bob_10474,209,seq,,,,ACK ABORT (red),0,0,,
597,2020-01-28T03:13:18.834,LOG,GRAVITY,wgv,wgv,wgv,bob_10474,209,seq,,,,OB started at 2020-01-28T03:13:18,0,0,,
598,2020-01-28T03:13:18.835,LOG,GRAVITY,wgv,wgv,wgv,bob_10474,209,seq,,,,(OBS.NAME: CAL_V380Ori_HD36285 // OBS.ID: 2734712),0,0,,
599,2020-01-28T03:34:07.181,LOG,GRAVITY,wgv,wgv,wgv,bob_10474,209,seq,,,,ERROR: ACK ABORT (red),0,0,,
600,2020-01-29T07:25:46.737,LOG,GRAVITY,wgv,wgv,wgv,bob_26564,143,seq,,,,(OBS.NAME: SCI_WWCha // OBS.ID: 2728367),0,0,,
601,2020-01-29T06:10:48.790,LOG,GRAVITY,wgv,wgv,wgv,bob_26564,143,seq,,,,ACK ABORT (red),0,0,,
602,2020-01-29T06:10:48.861,LOG,GRAVITY,wgv,wgv,wgv,bob_26564,143,seq,,,,OB aborted after 405 seconds at 2020-01-29T06:10:48,0,0,,
603,2020-01-28T05:28:23.398,LOG,GRAVITY,wgv,wgv,wgv,bob_15161,186,seq,,,,OB started at 2020-01-28T05:28:23,0,0,,
604,2020-01-28T05:49:27.194,LOG,GRAVITY,wgv,wgv,wgv,bob_15161,186,seq,,,,OB finished (TERMINATED) in 1264 seconds at 2020-01-28T05:49:27,0,0,,
605,2020-01-28T05:05:31.721,LOG,GRAVITY,wgv,wgv,wgv,bob_10474,209,seq,,,,OB started at 2020-01-28T05:05:31,0,0,,
606,2020-01-29T07:06:13.039,LOG,GRAVITY,wgv,wgv,wgv,bob_26564,143,seq,,,,OB finished (TERMINATED) in 3320 seconds at 2020-01-29T07:06:13,0,0,,
607,2020-01-29T07:06:18.891,LOG,GRAVITY,wgv,wgv,wgv,bob_26564,143,seq,,,,(OBS.NAME: CAL_HD99556 // OBS.ID: 2728370),0,0,,
608,2020-01-29T07:43:56.609,LOG,GRAVITY,wgv,wgv,wgv,bob_13989,15,seq,,,,OB paused at 2020-01-29T07:43:56,0,0,,
609,2020-01-29T07:43:59.910,LOG,GRAVITY,wgv,wgv,wgv,bob_13989,15,seq,,,,OB continued at 2020-01-29T07:43:59,0,0,,
610,2020-01-28T21:47:50.484,LOG,GRAVITY,wgv,wgv,wgv,bob_26564,143,seq,,,,OB finished (TERMINATED) in 3890 seconds at 2020-01-28T21:47:50,0,0,,
611,2020-01-25T04:29:40.684,LOG,GRAVITY,wgv,wgv,wgv,bob_ins,200,seq,,,,OB finished (TERMINATED) in 2968 seconds at 2020-01-25T04:29:40,0,0,,
612,2020-01-24T13:46:31.816,LOG,GRAVITY,wgv,wgv,wgv,bob_ins,64,seq,,,,(OBS.NAME: Maintenance // OBS.ID: -1),0,0,,
613,2020-01-24T14:05:42.293,LOG,GRAVITY,wgv,wgv,wgv,bob_ins,64,seq,,,,OB aborted after 106 seconds at 2020-01-24T14:05:32,0,0,,
614,2020-01-24T14:03:46.758,LOG,GRAVITY,wgv,wgv,wgv,bob_ins,64,seq,,,,OB started at 2020-01-24T14:03:46,0,0,,
615,2020-01-29T01:53:31.428,LOG,GRAVITY,wgv,wgv,wgv,bob_26564,143,seq,,,,OB aborted after 134 seconds at 2020-01-29T01:53:23,0,0,,
616,2020-01-29T01:47:28.915,LOG,GRAVITY,wgv,wgv,wgv,bob_26564,143,seq,,,,(OBS.NAME: CAL_UXOri_HD32043 // OBS.ID: 2731267),0,0,,
617,2020-01-29T01:51:06.241,LOG,GRAVITY,wgv,wgv,wgv,bob_26564,143,seq,,,,ERROR: ACK ABORT (red),0,0,,
618,2020-01-29T02:25:02.391,LOG,GRAVITY,wgv,wgv,wgv,bob_26564,143,seq,,,,OB aborted after 142 seconds at 2020-01-29T02:24:56,0,0,,
619,2020-01-29T02:52:39.082,LOG,GRAVITY,wgv,wgv,wgv,bob_26564,143,seq,,,,(OBS.NAME: SCI_UXOri // OBS.ID: 2731223),0,0,,
620,2020-01-29T02:20:45.253,LOG,GRAVITY,wgv,wgv,wgv,bob_26564,143,seq,,,,OB started at 2020-01-29T02:20:45,0,0,,
621,2020-01-26T03:08:23.333,LOG,GRAVITY,wgv,wgv,wgv,bob_11315,118,seq,,,,OB started at 2020-01-26T03:08:23,0,0,,
622,2020-01-26T03:08:23.334,LOG,GRAVITY,wgv,wgv,wgv,bob_11315,118,seq,,,,(OBS.NAME: Calibration // OBS.ID: 2651220),0,0,,
623,2020-01-29T02:12:23.000,LOG,GRAVITY,wgv,wgv,wgv,bob_26564,143,seq,,,,OB started at 2020-01-29T02:12:23,0,0,,
624,2020-01-29T02:12:23.000,LOG,GRAVITY,wgv,wgv,wgv,bob_26564,143,seq,,,,(OBS.NAME: CAL_UXOri_HD32043 // OBS.ID: 2731267),0,0,,
625,2020-01-29T02:52:12.609,LOG,GRAVITY,wgv,wgv,wgv,bob_26564,143,seq,,,,OB finished (TERMINATED) in 1382 seconds at 2020-01-29T02:52:12,0,0,,
626,2020-01-26T03:08:58.189,LOG,GRAVITY,wgv,wgv,wgv,bob_11315,118,seq,,,,OB started at 2020-01-26T03:08:58,0,0,,
627,2020-01-26T03:08:58.190,LOG,GRAVITY,wgv,wgv,wgv,bob_11315,118,seq,,,,(OBS.NAME: Calibration // OBS.ID: 2651220),0,0,,
628,2020-01-26T03:55:54.369,LOG,GRAVITY,wgv,wgv,wgv,bob_11315,118,seq,,,,OB finished (TERMINATED) in 2816 seconds at 2020-01-26T03:55:54,0,0,,
629,2020-01-26T03:58:30.186,LOG,GRAVITY,wgv,wgv,wgv,bob_38178,15,seq,,,,OB started at 2020-01-26T03:58:30,0,0,,
630,2020-01-29T03:49:32.994,LOG,GRAVITY,wgv,wgv,wgv,bob_26564,143,seq,,,,OB finished (TERMINATED) in 1022 seconds at 2020-01-29T03:49:32,0,0,,
631,2020-01-29T03:49:40.260,LOG,GRAVITY,wgv,wgv,wgv,bob_26564,143,seq,,,,OB started at 2020-01-29T03:49:40,0,0,,
632,2020-01-29T03:49:40.260,LOG,GRAVITY,wgv,wgv,wgv,bob_26564,143,seq,,,,(OBS.NAME: SCI_UXOri // OBS.ID: 2731223),0,0,,
633,2020-01-29T04:06:41.719,LOG,GRAVITY,wgv,wgv,wgv,bob_26564,143,seq,,,,OB finished (TERMINATED) in 1021 seconds at 2020-01-29T04:06:41,0,0,,
634,2020-01-29T04:11:35.428,LOG,GRAVITY,wgv,wgv,wgv,bob_26564,143,seq,,,,OB continued at 2020-01-29T04:11:35,0,0,,
635,2020-01-29T04:23:10.439,LOG,GRAVITY,wgv,wgv,wgv,bob_26564,143,seq,,,,OB started at 2020-01-29T04:23:10,0,0,,
636,2020-01-24T19:37:02.905,LOG,GRAVITY,wgv,wgv,wgv,bob_5249,94,seq,,,,OB finished (TERMINATED) in 4084 seconds at 2020-01-24T19:37:02,0,0,,
637,2020-01-29T05:27:33.576,LOG,GRAVITY,wgv,wgv,wgv,bob_26564,143,seq,,,,OB paused at 2020-01-29T05:27:33,0,0,,
638,2020-01-29T05:40:15.293,LOG,GRAVITY,wgv,wgv,wgv,bob_26564,143,seq,,,,ACK ABORT (red),0,0,,
639,2020-01-28T09:17:26.600,LOG,GRAVITY,wgv,wgv,wgv,bob_15161,186,seq,,,,OB continued at 2020-01-28T09:17:26,0,0,,
640,2020-01-29T05:53:10.734,LOG,GRAVITY,wgv,wgv,wgv,bob_26564,143,seq,,,,ERROR: ACK ABORT (red),0,0,,
641,2020-01-29T05:53:19.171,LOG,GRAVITY,wgv,wgv,wgv,bob_26564,143,seq,,,,OB started at 2020-01-29T05:53:19,0,0,,
642,2020-01-29T05:53:19.172,LOG,GRAVITY,wgv,wgv,wgv,bob_26564,143,seq,,,,(OBS.NAME: SCI-Z_CMA // OBS.ID: 2731198),0,0,,
643,2020-01-29T06:03:53.053,LOG,GRAVITY,wgv,wgv,wgv,bob_26564,143,seq,,,,OB aborted after 634 seconds at 2020-01-29T06:03:53,0,0,,
644,2020-01-29T06:10:53.325,LOG,GRAVITY,wgv,wgv,wgv,bob_26564,143,seq,,,,OB started at 2020-01-29T06:10:53,0,0,,
645,2020-01-29T08:45:53.600,LOG,GRAVITY,wgv,wgv,wgv,bob_ins,132,seq,,,,(OBS.NAME: ToO calibrations // OBS.ID: 200385148),0,0,,
646,2020-01-29T08:49:36.993,LOG,GRAVITY,wgv,wgv,wgv,bob_ins,132,seq,,,,OB started at 2020-01-29T08:49:36,0,0,,
647,2020-01-29T08:49:00.389,LOG,GRAVITY,wgv,wgv,wgv,bob_ins,132,seq,,,,OB aborted after 181 seconds at 2020-01-29T08:48:54,0,0,,
648,2020-01-29T09:01:57.767,LOG,GRAVITY,wgv,wgv,wgv,bob_ins,132,seq,,,,OB aborted after 178 seconds at 2020-01-29T09:00:03,0,0,,
649,2020-01-25T03:40:12.862,LOG,GRAVITY,wgv,wgv,wgv,bob_ins,200,seq,,,,(OBS.NAME: Calibration // OBS.ID: 200385148),0,0,,
650,2020-01-29T08:57:05.053,LOG,GRAVITY,wgv,wgv,wgv,bob_ins,132,seq,,,,OB started at 2020-01-29T08:57:05,0,0,,
651,2020-01-29T08:57:05.053,LOG,GRAVITY,wgv,wgv,wgv,bob_ins,132,seq,,,,(OBS.NAME: ToO calibrations // OBS.ID: 200385148),0,0,,
652,2020-01-24T18:28:58.630,LOG,GRAVITY,wgv,wgv,wgv,bob_5249,94,seq,,,,OB started at 2020-01-24T18:28:58,0,0,,
653,2020-01-24T18:28:58.630,LOG,GRAVITY,wgv,wgv,wgv,bob_5249,94,seq,,,,(OBS.NAME: Calibration // OBS.ID: -1),0,0,,
654,2020-01-29T14:11:38.116,LOG,GRAVITY,wgv,wgv,wgv,bob_ins,80,seq,,,,OB aborted after 489 seconds at 2020-01-29T13:51:04,0,0,,
655,2020-01-27T04:24:52.201,LOG,GRAVITY,wgv,wgv,wgv,bob_19686,51,seq,,,,OB started at 2020-01-27T04:24:52,0,0,,
656,2020-01-27T03:17:49.382,LOG,GRAVITY,wgv,wgv,wgv,bob_19686,51,seq,,,,OB started at 2020-01-27T03:17:49,0,0,,
657,2020-01-27T04:41:56.854,LOG,GRAVITY,wgv,wgv,wgv,bob_19686,51,seq,,,,OB finished (TERMINATED) in 1024 seconds at 2020-01-27T04:41:56,0,0,,
658,2020-01-27T05:08:35.403,LOG,GRAVITY,wgv,wgv,wgv,bob_19686,51,seq,,,,ERROR: ACK ABORT (red),0,0,,
659,2020-01-27T05:08:43.741,LOG,GRAVITY,wgv,wgv,wgv,bob_19686,51,seq,,,,(OBS.NAME: CAL_HD58647_HD60325 // OBS.ID: 2731968),0,0,,
660,2020-01-27T05:27:40.127,LOG,GRAVITY,wgv,wgv,wgv,bob_19686,51,seq,,,,(OBS.NAME: CAL_HD_103125 // OBS.ID: 2728841),0,0,,
661,2020-01-27T04:41:59.591,LOG,GRAVITY,wgv,wgv,wgv,bob_19686,51,seq,,,,(OBS.NAME: SCI_HD_58647 // OBS.ID: 2728776),0,0,,
662,2020-01-27T07:18:28.990,LOG,GRAVITY,wgv,wgv,wgv,bob_19686,51,seq,,,,OB started at 2020-01-27T07:18:28,0,0,,
663,2020-01-27T07:18:28.990,LOG,GRAVITY,wgv,wgv,wgv,bob_19686,51,seq,,,,(OBS.NAME: CAL-IRAS10082-5647-HD87436_1 // OBS.ID: 2731278),0,0,,
664,2020-01-27T06:39:53.631,LOG,GRAVITY,wgv,wgv,wgv,bob_19686,51,seq,,,,OB started at 2020-01-27T06:39:53,0,0,,
665,2020-01-27T06:39:53.631,LOG,GRAVITY,wgv,wgv,wgv,bob_19686,51,seq,,,,(OBS.NAME: SCI_HD_98922 // OBS.ID: 2728838),0,0,,
666,2020-01-27T06:41:11.644,LOG,GRAVITY,wgv,wgv,wgv,bob_19686,51,seq,,,,ACK ABORT (red),0,0,,
667,2020-01-27T05:47:34.272,LOG,GRAVITY,wgv,wgv,wgv,bob_19686,51,seq,,,,(OBS.NAME: SCI_HD_98922 // OBS.ID: 2728838),0,0,,
668,2020-01-27T06:41:28.692,LOG,GRAVITY,wgv,wgv,wgv,bob_19686,51,seq,,,,OB started at 2020-01-27T06:41:28,0,0,,
669,2020-01-27T06:41:28.693,LOG,GRAVITY,wgv,wgv,wgv,bob_19686,51,seq,,,,(OBS.NAME: SCI_HD_98922 // OBS.ID: 2728838),0,0,,
670,2020-01-27T06:30:47.311,LOG,GRAVITY,wgv,wgv,wgv,bob_19686,51,seq,,,,OB aborted after 2583 seconds at 2020-01-27T06:30:37,0,0,,
671,2020-01-27T07:01:13.502,LOG,GRAVITY,wgv,wgv,wgv,bob_19686,51,seq,,,,OB started at 2020-01-27T07:01:13,0,0,,
672,2020-01-27T07:01:13.502,LOG,GRAVITY,wgv,wgv,wgv,bob_19686,51,seq,,,,(OBS.NAME: CAL_HD98922_HD99311 // OBS.ID: 2732014),0,0,,
673,2020-01-27T06:41:11.715,LOG,GRAVITY,wgv,wgv,wgv,bob_19686,51,seq,,,,OB aborted after 78 seconds at 2020-01-27T06:41:11,0,0,,
674,2020-01-27T12:48:16.163,LOG,GRAVITY,wgv,wgv,wgv,bob_ins,180,seq,,,,OB started at 2020-01-27T12:48:16,0,0,,
675,2020-01-27T12:48:16.163,LOG,GRAVITY,wgv,wgv,wgv,bob_ins,180,seq,,,,(OBS.NAME: Calibration // OBS.ID: 200385148),0,0,,
676,2020-01-27T08:56:31.698,LOG,GRAVITY,wgv,wgv,wgv,bob_19686,51,seq,,,,OB finished (TERMINATED) in 748 seconds at 2020-01-27T08:56:31,0,0,,
677,2020-01-27T07:35:57.553,LOG,GRAVITY,wgv,wgv,wgv,bob_19686,51,seq,,,,OB started at 2020-01-27T07:35:57,0,0,,
678,2020-01-27T07:35:57.553,LOG,GRAVITY,wgv,wgv,wgv,bob_19686,51,seq,,,,(OBS.NAME: SCI-IRAS10082-5647 // OBS.ID: 2731275),0,0,,
679,2020-01-27T13:06:54.581,LOG,GRAVITY,wgv,wgv,wgv,bob_ins,180,seq,,,,OB aborted after 496 seconds at 2020-01-27T12:56:32,0,0,,
680,2020-01-27T13:06:58.458,LOG,GRAVITY,wgv,wgv,wgv,bob_ins,180,seq,,,,OB started at 2020-01-27T13:06:58,0,0,,
681,2020-01-27T13:06:58.458,LOG,GRAVITY,wgv,wgv,wgv,bob_ins,180,seq,,,,(OBS.NAME: Calibration // OBS.ID: 200385148),0,0,,
682,2020-01-26T03:21:29.280,LOG,GRAVITY,wgv,wgv,wgv,bob_11315,118,seq,,,,OB continued at 2020-01-26T03:21:29,0,0,,
683,2020-01-26T03:08:29.022,LOG,GRAVITY,wgv,wgv,wgv,bob_11315,118,seq,,,,OB aborted after 1 seconds at 2020-01-26T03:08:24,0,0,,
684,2020-01-26T03:17:15.443,LOG,GRAVITY,wgv,wgv,wgv,bob_11315,118,seq,,,,OB paused at 2020-01-26T03:17:15,0,0,,
685,2020-01-26T03:58:30.186,LOG,GRAVITY,wgv,wgv,wgv,bob_38178,15,seq,,,,(OBS.NAME: Calibration // OBS.ID: -1),0,0,,
686,2020-01-26T03:04:16.665,LOG,GRAVITY,wgv,wgv,wgv,bob_11315,118,seq,,,,OB finished (TERMINATED) in 2958 seconds at 2020-01-26T03:04:16,0,0,,
687,2020-01-26T04:57:38.035,LOG,GRAVITY,wgv,wgv,wgv,bob_38178,15,seq,,,,OB started at 2020-01-26T04:57:38,0,0,,
688,2020-01-26T04:57:38.035,LOG,GRAVITY,wgv,wgv,wgv,bob_38178,15,seq,,,,(OBS.NAME: Calibration // OBS.ID: 2651220),0,0,,
689,2020-01-26T05:21:54.967,LOG,GRAVITY,wgv,wgv,wgv,bob_38178,15,seq,,,,OB aborted after 1436 seconds at 2020-01-26T05:21:34,0,0,,
690,2020-01-26T05:28:25.315,LOG,GRAVITY,wgv,wgv,wgv,bob_38178,15,seq,,,,OB started at 2020-01-26T05:28:25,0,0,,
691,2020-01-26T04:57:09.466,LOG,GRAVITY,wgv,wgv,wgv,bob_38178,15,seq,,,,OB finished (TERMINATED) in 3519 seconds at 2020-01-26T04:57:09,0,0,,
692,2020-01-27T08:56:42.739,LOG,GRAVITY,wgv,wgv,wgv,bob_19686,51,seq,,,,OB started at 2020-01-27T08:56:42,0,0,,
693,2020-01-27T08:56:42.739,LOG,GRAVITY,wgv,wgv,wgv,bob_19686,51,seq,,,,(OBS.NAME: CAL-IRAS10082-5647-HD96113_2_BACK // OBS.ID: 2731281),0,0,,
694,2020-01-27T08:44:03.117,LOG,GRAVITY,wgv,wgv,wgv,bob_19686,51,seq,,,,(OBS.NAME: SCI-IRAS10082-5647 // OBS.ID: 2731275),0,0,,
695,2020-01-27T09:16:27.578,LOG,GRAVITY,wgv,wgv,wgv,bob_19686,51,seq,,,,OB started at 2020-01-27T09:16:27,0,0,,
696,2020-01-27T09:16:27.579,LOG,GRAVITY,wgv,wgv,wgv,bob_19686,51,seq,,,,(OBS.NAME: CAL-IRAS10082-5647-HD96113_2_BACK // OBS.ID: 2731281),0,0,,
697,2020-01-26T02:14:58.902,LOG,GRAVITY,wgv,wgv,wgv,bob_11315,118,seq,,,,OB started at 2020-01-26T02:14:58,0,0,,
698,2020-01-26T02:14:58.902,LOG,GRAVITY,wgv,wgv,wgv,bob_11315,118,seq,,,,(OBS.NAME: Calibration // OBS.ID: 200385148),0,0,,
699,2020-01-27T09:22:53.910,LOG,GRAVITY,wgv,wgv,wgv,bob_ins,180,seq,,,,(OBS.NAME: ToO calibrations // OBS.ID: 200385148),0,0,,
700,2020-01-27T09:14:33.431,LOG,GRAVITY,wgv,wgv,wgv,bob_19686,51,seq,,,,OB finished (TERMINATED) in 1071 seconds at 2020-01-27T09:14:33,0,0,,
701,2020-01-26T05:28:25.315,LOG,GRAVITY,wgv,wgv,wgv,bob_38178,15,seq,,,,(OBS.NAME: Calibration // OBS.ID: 2651220),0,0,,
702,2020-01-27T19:31:29.827,LOG,GRAVITY,wgv,wgv,wgv,bob_10474,209,seq,,,,(OBS.NAME: Calibration // OBS.ID: -1),0,0,,
703,2020-01-27T18:53:45.619,LOG,GRAVITY,wgv,wgv,wgv,bob_ins,180,seq,,,,OB started at 2020-01-27T18:53:45,0,0,,
704,2020-01-27T18:53:45.619,LOG,GRAVITY,wgv,wgv,wgv,bob_ins,180,seq,,,,(OBS.NAME: Calibration // OBS.ID: 200385148),0,0,,
705,2020-01-27T22:01:31.085,LOG,GRAVITY,wgv,wgv,wgv,bob_10474,209,seq,,,,(OBS.NAME: ToO calibrations // OBS.ID: 200385148),0,0,,
706,2020-01-27T08:42:59.306,LOG,GRAVITY,wgv,wgv,wgv,bob_19686,51,seq,,,,OB aborted after 3999 seconds at 2020-01-27T08:42:36,0,0,,
707,2020-01-27T22:08:59.557,LOG,GRAVITY,wgv,wgv,wgv,bob_10474,209,seq,,,,OB finished (TERMINATED) in 448 seconds at 2020-01-27T22:08:59,0,0,,
708,2020-01-27T22:08:59.621,LOG,GRAVITY,wgv,wgv,wgv,bob_10474,209,seq,,,,(OBS.NAME: Calibration // OBS.ID: 200385148),0,0,,
709,2020-01-27T09:22:53.910,LOG,GRAVITY,wgv,wgv,wgv,bob_ins,180,seq,,,,OB started at 2020-01-27T09:22:53,0,0,,
710,2020-01-26T11:51:16.591,LOG,GRAVITY,wgv,wgv,wgv,bob_38178,15,seq,,,,OB finished (TERMINATED) in 22971 seconds at 2020-01-26T11:51:16,0,0,,
711,2020-01-30T08:57:25.372,LOG,GRAVITY,wgv,wgv,wgv,bob_41316,228,seq,,,,OB aborted after 68 seconds at 2020-01-30T08:57:20,0,0,,
712,2020-01-27T09:31:20.151,LOG,GRAVITY,wgv,wgv,wgv,bob_ins,180,seq,,,,OB started at 2020-01-27T09:31:20,0,0,,
713,2020-01-27T09:31:20.151,LOG,GRAVITY,wgv,wgv,wgv,bob_ins,180,seq,,,,(OBS.NAME: Calibration // OBS.ID: 200385148),0,0,,
714,2020-01-30T08:57:56.883,LOG,GRAVITY,wgv,wgv,wgv,bob_41316,228,seq,,,,OB started at 2020-01-30T08:57:56,0,0,,
715,2020-01-30T08:57:56.883,LOG,GRAVITY,wgv,wgv,wgv,bob_41316,228,seq,,,,(OBS.NAME: SCI_WWCha // OBS.ID: 2728367),0,0,,
716,2020-01-30T08:56:03.964,LOG,GRAVITY,wgv,wgv,wgv,bob_41316,228,seq,,,,OB finished (TERMINATED) in 1258 seconds at 2020-01-30T08:56:03,0,0,,
717,2020-01-27T11:27:17.394,LOG,GRAVITY,wgv,wgv,wgv,bob_ins,180,seq,,,,OB finished (TERMINATED) in 6957 seconds at 2020-01-27T11:27:17,0,0,,
718,2020-01-27T07:35:09.936,LOG,GRAVITY,wgv,wgv,wgv,bob_19686,51,seq,,,,OB finished (TERMINATED) in 1001 seconds at 2020-01-27T07:35:09,0,0,,
719,2020-01-27T07:18:20.814,LOG,GRAVITY,wgv,wgv,wgv,bob_19686,51,seq,,,,OB finished (TERMINATED) in 1027 seconds at 2020-01-27T07:18:20,0,0,,
720,2020-01-27T07:01:01.742,LOG,GRAVITY,wgv,wgv,wgv,bob_19686,51,seq,,,,OB finished (TERMINATED) in 1173 seconds at 2020-01-27T07:01:01,0,0,,
721,2020-01-27T14:56:01.477,LOG,GRAVITY,wgv,wgv,wgv,bob_ins,180,seq,,,,OB finished (TERMINATED) in 4560 seconds at 2020-01-27T14:56:01,0,0,,
722,2020-01-28T07:09:54.113,LOG,GRAVITY,wgv,wgv,wgv,bob_15161,186,seq,,,,ERROR: ACK ABORT (red),0,0,,
723,2020-01-28T07:09:54.118,LOG,GRAVITY,wgv,wgv,wgv,bob_15161,186,seq,,,,ACK ABORT (red),0,0,,
724,2020-01-28T07:09:54.175,LOG,GRAVITY,wgv,wgv,wgv,bob_15161,186,seq,,,,OB aborted after 233 seconds at 2020-01-28T07:09:54,0,0,,
725,2020-01-28T07:01:57.478,LOG,GRAVITY,wgv,wgv,wgv,bob_15161,186,seq,,,,OB aborted after 34 seconds at 2020-01-28T07:01:53,0,0,,
726,2020-01-28T07:09:59.387,LOG,GRAVITY,wgv,wgv,wgv,bob_15161,186,seq,,,,OB started at 2020-01-28T07:09:59,0,0,,
727,2020-01-28T07:01:19.753,LOG,GRAVITY,wgv,wgv,wgv,bob_15161,186,seq,,,,(OBS.NAME: CAL_HD_100546 // OBS.ID: 2728742),0,0,,
728,2020-01-28T07:28:20.386,LOG,GRAVITY,wgv,wgv,wgv,bob_15161,186,seq,,,,(OBS.NAME: CAL_HD_100546 // OBS.ID: 2728742),0,0,,
729,2020-01-28T07:28:10.984,LOG,GRAVITY,wgv,wgv,wgv,bob_15161,186,seq,,,,OB aborted after 1002 seconds at 2020-01-28T07:28:10,0,0,,
730,2020-01-30T19:18:09.763,LOG,GRAVITY,wgv,wgv,wgv,bob_25568,144,seq,,,,(OBS.NAME: Calibration // OBS.ID: -1),0,0,,
731,2020-01-26T20:04:40.287,LOG,GRAVITY,wgv,wgv,wgv,bob_19686,51,seq,,,,(OBS.NAME: Calibration // OBS.ID: 2651220),0,0,,
732,2020-01-26T20:12:05.921,LOG,GRAVITY,wgv,wgv,wgv,bob_19686,51,seq,,,,OB paused at 2020-01-26T20:12:05,0,0,,
733,2020-01-26T21:28:56.894,LOG,GRAVITY,wgv,wgv,wgv,bob_19686,51,seq,,,,OB paused at 2020-01-26T21:28:56,0,0,,
734,2020-01-30T20:18:19.373,LOG,GRAVITY,wgv,wgv,wgv,bob_25568,144,seq,,,,OB finished (TERMINATED) in 3610 seconds at 2020-01-30T20:18:19,0,0,,
735,2020-01-27T13:40:01.235,LOG,GRAVITY,wgv,wgv,wgv,bob_ins,180,seq,,,,(OBS.NAME: Calibration // OBS.ID: 200385148),0,0,,
736,2020-01-27T13:22:32.245,LOG,GRAVITY,wgv,wgv,wgv,bob_ins,180,seq,,,,OB aborted after 438 seconds at 2020-01-27T13:14:16,0,0,,
737,2020-01-31T00:28:37.616,LOG,GRAVITY,wgv,wgv,wgv,bob_25568,144,seq,,,,OB paused at 2020-01-31T00:28:37,0,0,,
738,2020-01-31T00:13:33.243,LOG,GRAVITY,wgv,wgv,wgv,bob_25568,144,seq,,,,OB started at 2020-01-31T00:13:33,0,0,,
739,2020-01-31T00:20:34.263,LOG,GRAVITY,wgv,wgv,wgv,bob_25568,144,seq,,,,ACK ABORT (red),0,0,,
740,2020-01-31T00:39:40.316,LOG,GRAVITY,wgv,wgv,wgv,bob_25568,144,seq,,,,(OBS.NAME: SCI_T_Lep // OBS.ID: 2744910),0,0,,
741,2020-01-31T00:39:16.163,LOG,GRAVITY,wgv,wgv,wgv,bob_25568,144,seq,,,,OB started at 2020-01-31T00:39:16,0,0,,
742,2020-01-31T01:12:11.429,LOG,GRAVITY,wgv,wgv,wgv,bob_25568,144,seq,,,,OB started at 2020-01-31T01:12:11,0,0,,
743,2020-01-31T01:33:34.934,LOG,GRAVITY,wgv,wgv,wgv,bob_25568,144,seq,,,,OB started at 2020-01-31T01:33:34,0,0,,
744,2020-01-31T01:33:25.530,LOG,GRAVITY,wgv,wgv,wgv,bob_25568,144,seq,,,,OB finished (TERMINATED) in 207 seconds at 2020-01-31T01:33:25,0,0,,
745,2020-01-31T01:51:07.739,LOG,GRAVITY,wgv,wgv,wgv,bob_25568,144,seq,,,,OB started at 2020-01-31T01:51:07,0,0,,
746,2020-01-26T22:12:54.897,LOG,GRAVITY,wgv,wgv,wgv,bob_19686,51,seq,,,,OB aborted after 7639 seconds at 2020-01-26T22:11:59,0,0,,
747,2020-01-31T01:50:39.497,LOG,GRAVITY,wgv,wgv,wgv,bob_25568,144,seq,,,,OB finished (TERMINATED) in 1025 seconds at 2020-01-31T01:50:39,0,0,,
748,2020-01-31T01:56:18.559,LOG,GRAVITY,wgv,wgv,wgv,bob_25568,144,seq,,,,(OBS.NAME: SCI_HIP21644 // OBS.ID: 2317974),0,0,,
749,2020-01-28T08:49:46.516,LOG,GRAVITY,wgv,wgv,wgv,bob_15161,186,seq,,,,OB continued at 2020-01-28T08:49:46,0,0,,
750,2020-01-28T09:02:36.600,LOG,GRAVITY,wgv,wgv,wgv,bob_15161,186,seq,,,,OB aborted after 64 seconds at 2020-01-28T09:02:32,0,0,,
751,2020-01-27T01:39:51.702,LOG,GRAVITY,wgv,wgv,wgv,bob_19686,51,seq,,,,(OBS.NAME: SCI_HD45677 // OBS.ID: 2728375),0,0,,
752,2020-01-28T09:01:28.564,LOG,GRAVITY,wgv,wgv,wgv,bob_15161,186,seq,,,,(OBS.NAME: SCI_WWCha // OBS.ID: 2728367),0,0,,
753,2020-01-31T03:05:56.044,LOG,GRAVITY,wgv,wgv,wgv,bob_25568,144,seq,,,,OB started at 2020-01-31T03:05:56,0,0,,
754,2020-01-31T02:56:18.120,LOG,GRAVITY,wgv,wgv,wgv,bob_25568,144,seq,,,,OB paused at 2020-01-31T02:56:18,0,0,,
755,2020-01-31T02:56:19.420,LOG,GRAVITY,wgv,wgv,wgv,bob_25568,144,seq,,,,OB continued at 2020-01-31T02:56:19,0,0,,
756,2020-01-27T04:24:34.266,LOG,GRAVITY,wgv,wgv,wgv,bob_19686,51,seq,,,,OB finished (TERMINATED) in 2983 seconds at 2020-01-27T04:24:34,0,0,,
757,2020-01-31T03:12:00.744,LOG,GRAVITY,wgv,wgv,wgv,bob_25568,144,seq,,,,OB continued at 2020-01-31T03:12:00,0,0,,
758,2020-01-31T03:11:57.873,LOG,GRAVITY,wgv,wgv,wgv,bob_25568,144,seq,,,,OB paused at 2020-01-31T03:11:57,0,0,,
759,2020-01-27T04:24:52.201,LOG,GRAVITY,wgv,wgv,wgv,bob_19686,51,seq,,,,(OBS.NAME: SCI_HD_58647 // OBS.ID: 2728776),0,0,,
760,2020-01-27T04:41:59.591,LOG,GRAVITY,wgv,wgv,wgv,bob_19686,51,seq,,,,OB started at 2020-01-27T04:41:59,0,0,,
761,2020-01-27T00:55:04.287,LOG,GRAVITY,wgv,wgv,wgv,bob_19686,51,seq,,,,OB aborted after 114 seconds at 2020-01-27T00:54:24,0,0,,
762,2020-01-28T05:15:13.174,LOG,GRAVITY,wgv,wgv,wgv,bob_15161,186,seq,,,,OB started at 2020-01-28T05:15:13,0,0,,
763,2020-01-28T05:15:13.174,LOG,GRAVITY,wgv,wgv,wgv,bob_15161,186,seq,,,,(OBS.NAME: CAL_HD45677_HD44423 // OBS.ID: 2734740),0,0,,
764,2020-01-27T00:52:30.714,LOG,GRAVITY,wgv,wgv,wgv,bob_19686,51,seq,,,,(OBS.NAME: CAL_HD45677_HD43847 // OBS.ID: 2731600),0,0,,
765,2020-01-28T05:20:35.200,LOG,GRAVITY,wgv,wgv,wgv,bob_15161,186,seq,,,,ACK ABORT (red),0,0,,
766,2020-01-28T05:20:35.257,LOG,GRAVITY,wgv,wgv,wgv,bob_15161,186,seq,,,,OB aborted after 322 seconds at 2020-01-28T05:20:35,0,0,,
767,2020-01-27T00:59:32.405,LOG,GRAVITY,wgv,wgv,wgv,bob_19686,51,seq,,,,(OBS.NAME: CAL_HD45677_HD43847 // OBS.ID: 2731600),0,0,,
768,2020-01-28T09:09:42.650,LOG,GRAVITY,wgv,wgv,wgv,bob_15161,186,seq,,,,OB started at 2020-01-28T09:09:42,0,0,,
769,2020-01-28T09:09:42.650,LOG,GRAVITY,wgv,wgv,wgv,bob_15161,186,seq,,,,(OBS.NAME: SCI_WWCha // OBS.ID: 2728367),0,0,,
770,2020-01-27T05:01:02.255,LOG,GRAVITY,wgv,wgv,wgv,bob_19686,51,seq,,,,OB started at 2020-01-27T05:01:02,0,0,,
771,2020-01-27T04:59:14.034,LOG,GRAVITY,wgv,wgv,wgv,bob_19686,51,seq,,,,OB started at 2020-01-27T04:59:14,0,0,,
772,2020-01-27T23:58:16.115,LOG,GRAVITY,wgv,wgv,wgv,bob_10474,209,seq,,,,OB started at 2020-01-27T23:58:16,0,0,,
773,2020-01-27T04:59:05.845,LOG,GRAVITY,wgv,wgv,wgv,bob_19686,51,seq,,,,OB finished (TERMINATED) in 1026 seconds at 2020-01-27T04:59:05,0,0,,
774,2020-01-27T05:08:35.472,LOG,GRAVITY,wgv,wgv,wgv,bob_19686,51,seq,,,,OB aborted after 453 seconds at 2020-01-27T05:08:35,0,0,,
775,2020-01-27T03:17:49.382,LOG,GRAVITY,wgv,wgv,wgv,bob_19686,51,seq,,,,(OBS.NAME: CAL_HD_58647 // OBS.ID: 2728779),0,0,,
776,2020-01-28T08:39:10.981,LOG,GRAVITY,wgv,wgv,wgv,bob_15161,186,seq,,,,OB started at 2020-01-28T08:39:10,0,0,,
777,2020-01-28T08:38:57.130,LOG,GRAVITY,wgv,wgv,wgv,bob_15161,186,seq,,,,OB finished (TERMINATED) in 3541 seconds at 2020-01-28T08:38:57,0,0,,
778,2020-01-28T09:50:40.769,LOG,GRAVITY,wgv,wgv,wgv,bob_ins,88,seq,,,,OB started at 2020-01-28T09:50:40,0,0,,
779,2020-01-27T03:34:51.291,LOG,GRAVITY,wgv,wgv,wgv,bob_19686,51,seq,,,,OB started at 2020-01-27T03:34:51,0,0,,
780,2020-01-28T08:45:12.685,LOG,GRAVITY,wgv,wgv,wgv,bob_15161,186,seq,,,,(OBS.NAME: CAL_HD99556 // OBS.ID: 2728370),0,0,,
781,2020-01-28T08:44:54.311,LOG,GRAVITY,wgv,wgv,wgv,bob_15161,186,seq,,,,OB finished (TERMINATED) in 344 seconds at 2020-01-28T08:44:54,0,0,,
782,2020-01-27T13:31:27.077,LOG,GRAVITY,wgv,wgv,wgv,bob_ins,180,seq,,,,OB started at 2020-01-27T13:31:27,0,0,,
783,2020-01-27T13:31:27.077,LOG,GRAVITY,wgv,wgv,wgv,bob_ins,180,seq,,,,(OBS.NAME: ToO calibrations // OBS.ID: 200385148),0,0,,
784,2020-01-27T13:40:01.173,LOG,GRAVITY,wgv,wgv,wgv,bob_ins,180,seq,,,,OB finished (TERMINATED) in 514 seconds at 2020-01-27T13:40:01,0,0,,
785,2020-01-27T13:40:01.234,LOG,GRAVITY,wgv,wgv,wgv,bob_ins,180,seq,,,,OB started at 2020-01-27T13:40:01,0,0,,
786,2020-01-28T08:49:44.742,LOG,GRAVITY,wgv,wgv,wgv,bob_15161,186,seq,,,,OB paused at 2020-01-28T08:49:44,0,0,,
787,2020-01-28T09:01:17.633,LOG,GRAVITY,wgv,wgv,wgv,bob_15161,186,seq,,,,OB finished (TERMINATED) in 965 seconds at 2020-01-28T09:01:17,0,0,,
788,2020-01-29T18:23:42.223,LOG,GRAVITY,wgv,wgv,wgv,bob_ins,80,seq,,,,OB started at 2020-01-29T18:23:42,0,0,,
789,2020-01-29T20:05:17.703,LOG,GRAVITY,wgv,wgv,wgv,bob_46930,120,seq,,,,OB aborted after 497 seconds at 2020-01-29T20:05:17,0,0,,
790,2020-01-29T18:14:42.642,LOG,GRAVITY,wgv,wgv,wgv,bob_ins,80,seq,,,,OB started at 2020-01-29T18:14:42,0,0,,
791,2020-01-28T09:01:28.564,LOG,GRAVITY,wgv,wgv,wgv,bob_15161,186,seq,,,,OB started at 2020-01-28T09:01:28,0,0,,
792,2020-01-29T18:52:54.011,LOG,GRAVITY,wgv,wgv,wgv,bob_48223,216,seq,,,,OB started at 2020-01-29T18:52:54,0,0,,
793,2020-01-29T18:52:54.011,LOG,GRAVITY,wgv,wgv,wgv,bob_48223,216,seq,,,,(OBS.NAME: ToO calibrations // OBS.ID: 200385148),0,0,,
794,2020-01-29T19:21:10.424,LOG,GRAVITY,wgv,wgv,wgv,bob_48223,216,seq,,,,OB aborted after 736 seconds at 2020-01-29T19:21:08,0,0,,
795,2020-01-28T01:33:52.042,LOG,GRAVITY,wgv,wgv,wgv,bob_10474,209,seq,,,,OB started at 2020-01-28T01:33:52,0,0,,
796,2020-01-29T23:54:07.247,LOG,GRAVITY,wgv,wgv,wgv,bob_353,225,seq,,,,OB started at 2020-01-29T23:54:07,0,0,,
797,2020-01-30T00:12:12.800,LOG,GRAVITY,wgv,wgv,wgv,bob_353,225,seq,,,,(OBS.NAME: CAL_HD27525 // OBS.ID: 2728821),0,0,,
798,2020-01-28T00:58:49.231,LOG,GRAVITY,wgv,wgv,wgv,bob_10474,209,seq,,,,(OBS.NAME: CAL_CQTau_2MASS // OBS.ID: 2734574),0,0,,
799,2020-01-28T01:05:12.804,LOG,GRAVITY,wgv,wgv,wgv,bob_10474,209,seq,,,,ERROR: ACK ABORT (red),0,0,,
800,2020-01-28T01:05:12.860,LOG,GRAVITY,wgv,wgv,wgv,bob_10474,209,seq,,,,OB aborted after 43 seconds at 2020-01-28T01:05:12,0,0,,
801,2020-01-28T01:05:17.701,LOG,GRAVITY,wgv,wgv,wgv,bob_10474,209,seq,,,,OB started at 2020-01-28T01:05:17,0,0,,
802,2020-01-28T00:57:48.426,LOG,GRAVITY,wgv,wgv,wgv,bob_10474,209,seq,,,,(OBS.NAME: CAL_HD27525 // OBS.ID: 2728821),0,0,,
803,2020-01-28T01:02:30.008,LOG,GRAVITY,wgv,wgv,wgv,bob_10474,209,seq,,,,OB aborted after 217 seconds at 2020-01-28T01:02:26,0,0,,
804,2020-01-28T01:06:45.157,LOG,GRAVITY,wgv,wgv,wgv,bob_10474,209,seq,,,,OB started at 2020-01-28T01:06:45,0,0,,
805,2020-01-28T01:33:12.974,LOG,GRAVITY,wgv,wgv,wgv,bob_10474,209,seq,,,,OB aborted after 956 seconds at 2020-01-28T01:33:12,0,0,,
806,2020-01-28T01:13:20.138,LOG,GRAVITY,wgv,wgv,wgv,bob_10474,209,seq,,,,ACK ABORT (red),0,0,,
807,2020-01-28T01:13:20.207,LOG,GRAVITY,wgv,wgv,wgv,bob_10474,209,seq,,,,OB aborted after 395 seconds at 2020-01-28T01:13:20,0,0,,
808,2020-01-28T01:17:16.442,LOG,GRAVITY,wgv,wgv,wgv,bob_10474,209,seq,,,,(OBS.NAME: CAL_CQTau_2MASS // OBS.ID: 2734574),0,0,,
809,2020-01-29T15:43:19.154,LOG,GRAVITY,wgv,wgv,wgv,bob_ins,80,seq,,,,OB started at 2020-01-29T15:43:19,0,0,,
810,2020-01-29T15:54:18.011,LOG,GRAVITY,wgv,wgv,wgv,bob_ins,80,seq,,,,(OBS.NAME: Calibration // OBS.ID: 200385148),0,0,,
811,2020-01-28T01:59:15.572,LOG,GRAVITY,wgv,wgv,wgv,bob_10474,209,seq,,,,OB started at 2020-01-28T01:59:15,0,0,,
812,2020-01-28T09:31:16.033,LOG,GRAVITY,wgv,wgv,wgv,bob_15161,186,seq,,,,OB aborted after 1293 seconds at 2020-01-28T09:31:15,0,0,,
813,2020-01-30T01:15:04.279,LOG,GRAVITY,wgv,wgv,wgv,bob_353,225,seq,,,,ACK ABORT (red),0,0,,
814,2020-01-30T01:15:04.332,LOG,GRAVITY,wgv,wgv,wgv,bob_353,225,seq,,,,OB aborted after 2349 seconds at 2020-01-30T01:15:04,0,0,,
815,2020-01-30T02:14:52.096,LOG,GRAVITY,wgv,wgv,wgv,bob_353,225,seq,,,,OB started at 2020-01-30T02:14:52,0,0,,
816,2020-01-27T09:31:20.088,LOG,GRAVITY,wgv,wgv,wgv,bob_ins,180,seq,,,,OB finished (TERMINATED) in 507 seconds at 2020-01-27T09:31:20,0,0,,
817,2020-01-30T02:39:01.860,LOG,GRAVITY,wgv,wgv,wgv,bob_353,225,seq,,,,OB continued at 2020-01-30T02:39:01,0,0,,
818,2020-01-30T01:21:20.299,LOG,GRAVITY,wgv,wgv,wgv,bob_353,225,seq,,,,ACK ABORT (red),0,0,,
819,2020-01-30T01:21:20.349,LOG,GRAVITY,wgv,wgv,wgv,bob_353,225,seq,,,,OB aborted after 360 seconds at 2020-01-30T01:21:20,0,0,,
820,2020-01-30T01:20:03.987,LOG,GRAVITY,wgv,wgv,wgv,bob_353,225,seq,,,,OB continued at 2020-01-30T01:20:03,0,0,,
821,2020-01-27T09:22:13.103,LOG,GRAVITY,wgv,wgv,wgv,bob_19686,51,seq,,,,OB finished (TERMINATED) in 346 seconds at 2020-01-27T09:22:13,0,0,,
822,2020-01-30T01:23:54.969,LOG,GRAVITY,wgv,wgv,wgv,bob_353,225,seq,,,,OB started at 2020-01-30T01:23:54,0,0,,
823,2020-01-29T08:41:09.173,LOG,GRAVITY,wgv,wgv,wgv,bob_ins,132,seq,,,,OB started at 2020-01-29T08:41:09,0,0,,
824,2020-01-29T19:57:00.673,LOG,GRAVITY,wgv,wgv,wgv,bob_46930,120,seq,,,,OB started at 2020-01-29T19:57:00,0,0,,
825,2020-01-30T03:25:43.740,LOG,GRAVITY,wgv,wgv,wgv,bob_353,225,seq,,,,OB started at 2020-01-30T03:25:43,0,0,,
826,2020-01-30T03:29:32.602,LOG,GRAVITY,wgv,wgv,wgv,bob_353,225,seq,,,,OB paused at 2020-01-30T03:29:32,0,0,,
827,2020-01-30T02:51:54.650,LOG,GRAVITY,wgv,wgv,wgv,bob_353,225,seq,,,,(OBS.NAME: CAL-V1818Ori-HD61227_2 // OBS.ID: 2731559),0,0,,
828,2020-01-30T03:17:27.213,LOG,GRAVITY,wgv,wgv,wgv,bob_353,225,seq,,,,OB started at 2020-01-30T03:17:27,0,0,,
829,2020-01-30T03:17:27.214,LOG,GRAVITY,wgv,wgv,wgv,bob_353,225,seq,,,,(OBS.NAME: SCI-V1818Ori_2 // OBS.ID: 2731556),0,0,,
830,2020-01-30T02:59:55.961,LOG,GRAVITY,wgv,wgv,wgv,bob_353,225,seq,,,,OB continued at 2020-01-30T02:59:55,0,0,,
831,2020-01-30T02:14:52.096,LOG,GRAVITY,wgv,wgv,wgv,bob_353,225,seq,,,,(OBS.NAME: CAL_CQTau_HD40003 // OBS.ID: 2734577),0,0,,
832,2020-01-30T02:14:46.395,LOG,GRAVITY,wgv,wgv,wgv,bob_353,225,seq,,,,OB finished (TERMINATED) in 3052 seconds at 2020-01-30T02:14:46,0,0,,
833,2020-01-30T02:59:53.489,LOG,GRAVITY,wgv,wgv,wgv,bob_353,225,seq,,,,OB paused at 2020-01-30T02:59:53,0,0,,
834,2020-01-27T08:44:03.116,LOG,GRAVITY,wgv,wgv,wgv,bob_19686,51,seq,,,,OB started at 2020-01-27T08:44:03,0,0,,
835,2020-01-30T03:25:43.740,LOG,GRAVITY,wgv,wgv,wgv,bob_353,225,seq,,,,(OBS.NAME: SCI-V1818Ori_2 // OBS.ID: 2731556),0,0,,
836,2020-01-30T03:29:36.277,LOG,GRAVITY,wgv,wgv,wgv,bob_353,225,seq,,,,OB continued at 2020-01-30T03:29:36,0,0,,
837,2020-01-30T02:51:46.724,LOG,GRAVITY,wgv,wgv,wgv,bob_353,225,seq,,,,OB finished (TERMINATED) in 1187 seconds at 2020-01-30T02:51:46,0,0,,
838,2020-01-30T00:35:39.689,LOG,GRAVITY,wgv,wgv,wgv,bob_353,225,seq,,,,OB finished (TERMINATED) in 1407 seconds at 2020-01-30T00:35:39,0,0,,
839,2020-01-31T06:57:28.453,LOG,GRAVITY,wgv,wgv,wgv,bob_25568,144,seq,,,,OB aborted after 938 seconds at 2020-01-31T06:57:19,0,0,,
840,2020-01-31T06:59:39.922,LOG,GRAVITY,wgv,wgv,wgv,bob_25568,144,seq,,,,(OBS.NAME: SCI_IW_Car_GRAVITY_medium_LOW-COMBINED // OBS.ID: 2533311),0,0,,
841,2020-01-30T00:24:11.998,LOG,GRAVITY,wgv,wgv,wgv,bob_353,225,seq,,,,OB continued at 2020-01-30T00:24:11,0,0,,
842,2020-01-30T00:12:12.800,LOG,GRAVITY,wgv,wgv,wgv,bob_353,225,seq,,,,OB started at 2020-01-30T00:12:12,0,0,,
843,2020-01-29T23:54:07.248,LOG,GRAVITY,wgv,wgv,wgv,bob_353,225,seq,,,,(OBS.NAME: CAL_HD27525 // OBS.ID: 2728821),0,0,,
844,2020-01-31T07:54:50.505,LOG,GRAVITY,wgv,wgv,wgv,bob_4075,116,seq,,,,(OBS.NAME: SCI_HD_93662_GRAVITY_medium_HIGH-COMBINED // OBS.ID: 2535206),0,0,,
845,2020-01-31T07:14:17.908,LOG,GRAVITY,wgv,wgv,wgv,bob_25568,144,seq,,,,OB finished (TERMINATED) in 878 seconds at 2020-01-31T07:14:17,0,0,,
846,2020-01-31T07:22:23.672,LOG,GRAVITY,wgv,wgv,wgv,bob_25568,144,seq,,,,OB paused at 2020-01-31T07:22:23,0,0,,
847,2020-01-31T07:59:34.184,LOG,GRAVITY,wgv,wgv,wgv,bob_4075,116,seq,,,,OB paused at 2020-01-31T07:59:34,0,0,,
848,2020-01-31T07:15:40.304,LOG,GRAVITY,wgv,wgv,wgv,bob_25568,144,seq,,,,OB aborted after 58 seconds at 2020-01-31T07:15:26,0,0,,
849,2020-01-31T07:54:35.944,LOG,GRAVITY,wgv,wgv,wgv,bob_4075,116,seq,,,,OB finished (TERMINATED) in 1144 seconds at 2020-01-31T07:54:35,0,0,,
850,2020-01-31T07:17:24.783,LOG,GRAVITY,wgv,wgv,wgv,bob_25568,144,seq,,,,(OBS.NAME: CAL_HD_81280_GRAVITY_medium_LOW-COMBINED // OBS.ID: 2534955),0,0,,
851,2020-01-31T07:35:31.783,LOG,GRAVITY,wgv,wgv,wgv,bob_4075,116,seq,,,,OB started at 2020-01-31T07:35:31,0,0,,
852,2020-01-30T03:17:19.591,LOG,GRAVITY,wgv,wgv,wgv,bob_353,225,seq,,,,OB finished (TERMINATED) in 1525 seconds at 2020-01-30T03:17:19,0,0,,
853,2020-01-30T01:19:57.663,LOG,GRAVITY,wgv,wgv,wgv,bob_353,225,seq,,,,OB paused at 2020-01-30T01:19:57,0,0,,
854,2020-01-30T01:15:20.629,LOG,GRAVITY,wgv,wgv,wgv,bob_353,225,seq,,,,(OBS.NAME: SCI_CQTau // OBS.ID: 2734571),0,0,,
855,2020-01-30T01:23:54.969,LOG,GRAVITY,wgv,wgv,wgv,bob_353,225,seq,,,,(OBS.NAME: SCI_CQTau // OBS.ID: 2734571),0,0,,
856,2020-01-30T09:02:39.949,LOG,GRAVITY,wgv,wgv,wgv,bob_41316,228,seq,,,,OB continued at 2020-01-30T09:02:39,0,0,,
857,2020-01-30T04:45:24.517,LOG,GRAVITY,wgv,wgv,wgv,bob_353,225,seq,,,,OB finished (TERMINATED) in 1027 seconds at 2020-01-30T04:45:24,0,0,,
858,2020-01-31T08:46:03.816,LOG,GRAVITY,wgv,wgv,wgv,bob_4075,116,seq,,,,OB finished (TERMINATED) in 1663 seconds at 2020-01-31T08:46:03,0,0,,
859,2020-01-30T05:22:32.989,LOG,GRAVITY,wgv,wgv,wgv,bob_1316,108,seq,,,,OB continued at 2020-01-30T05:22:32,0,0,,
860,2020-01-30T08:56:12.392,LOG,GRAVITY,wgv,wgv,wgv,bob_41316,228,seq,,,,OB started at 2020-01-30T08:56:12,0,0,,
861,2020-01-30T05:40:12.590,LOG,GRAVITY,wgv,wgv,wgv,bob_1316,108,seq,,,,(OBS.NAME: SCI_HPCha_D0G2J3K0_HIGH // OBS.ID: 2731542),0,0,,
862,2020-01-30T05:11:06.719,LOG,GRAVITY,wgv,wgv,wgv,bob_1316,108,seq,,,,OB finished (TERMINATED) in 992 seconds at 2020-01-30T05:11:06,0,0,,
863,2020-01-30T05:11:12.410,LOG,GRAVITY,wgv,wgv,wgv,bob_1316,108,seq,,,,(OBS.NAME: SCI_HPCha_D0G2J3K0_HIGH // OBS.ID: 2731542),0,0,,
864,2020-01-30T04:59:34.803,LOG,GRAVITY,wgv,wgv,wgv,bob_1316,108,seq,,,,OB paused at 2020-01-30T04:59:34,0,0,,
865,2020-01-30T05:40:12.590,LOG,GRAVITY,wgv,wgv,wgv,bob_1316,108,seq,,,,OB started at 2020-01-30T05:40:12,0,0,,
866,2020-01-30T05:39:43.437,LOG,GRAVITY,wgv,wgv,wgv,bob_1316,108,seq,,,,OB finished (TERMINATED) in 1711 seconds at 2020-01-30T05:39:43,0,0,,
867,2020-01-30T06:26:36.116,LOG,GRAVITY,wgv,wgv,wgv,bob_1316,108,seq,,,,(OBS.NAME: SCI_WWCha // OBS.ID: 2728367),0,0,,
868,2020-01-30T06:20:44.415,LOG,GRAVITY,wgv,wgv,wgv,bob_1316,108,seq,,,,OB started at 2020-01-30T06:20:44,0,0,,
869,2020-01-30T06:17:28.006,LOG,GRAVITY,wgv,wgv,wgv,bob_1316,108,seq,,,,OB finished (TERMINATED) in 1203 seconds at 2020-01-30T06:17:27,0,0,,
870,2020-01-30T06:31:28.030,LOG,GRAVITY,wgv,wgv,wgv,bob_1316,108,seq,,,,OB paused at 2020-01-30T06:31:28,0,0,,
871,2020-01-30T06:26:28.899,LOG,GRAVITY,wgv,wgv,wgv,bob_1316,108,seq,,,,OB finished (TERMINATED) in 344 seconds at 2020-01-30T06:26:28,0,0,,
872,2020-01-31T08:22:46.139,LOG,GRAVITY,wgv,wgv,wgv,bob_4075,116,seq,,,,OB paused at 2020-01-31T08:22:46,0,0,,
873,2020-01-31T08:27:27.557,LOG,GRAVITY,wgv,wgv,wgv,bob_4075,116,seq,,,,OB continued at 2020-01-31T08:27:27,0,0,,
874,2020-01-30T06:46:01.496,LOG,GRAVITY,wgv,wgv,wgv,bob_1316,108,seq,,,,OB aborted after 1165 seconds at 2020-01-30T06:46:01,0,0,,
875,2020-01-30T06:58:37.234,LOG,GRAVITY,wgv,wgv,wgv,bob_1316,108,seq,,,,OB finished (TERMINATED) in 684 seconds at 2020-01-30T06:58:37,0,0,,
876,2020-01-30T07:01:20.263,LOG,GRAVITY,wgv,wgv,wgv,bob_1316,108,seq,,,,(OBS.NAME: SCI_WWCha // OBS.ID: 2728367),0,0,,
877,2020-01-31T08:18:20.106,LOG,GRAVITY,wgv,wgv,wgv,bob_4075,116,seq,,,,OB started at 2020-01-31T08:18:20,0,0,,
878,2020-01-30T06:47:13.639,LOG,GRAVITY,wgv,wgv,wgv,bob_1316,108,seq,,,,OB started at 2020-01-30T06:47:13,0,0,,
879,2020-01-31T08:18:08.587,LOG,GRAVITY,wgv,wgv,wgv,bob_4075,116,seq,,,,OB finished (TERMINATED) in 1398 seconds at 2020-01-31T08:18:08,0,0,,
880,2020-01-29T09:24:02.115,LOG,GRAVITY,wgv,wgv,wgv,bob_ins,80,seq,,,,OB finished (TERMINATED) in 514 seconds at 2020-01-29T09:24:02,0,0,,
881,2020-01-29T09:24:02.166,LOG,GRAVITY,wgv,wgv,wgv,bob_ins,80,seq,,,,(OBS.NAME: Calibration // OBS.ID: 200385148),0,0,,
882,2020-01-29T09:15:28.806,LOG,GRAVITY,wgv,wgv,wgv,bob_ins,80,seq,,,,OB started at 2020-01-29T09:15:28,0,0,,
883,2020-01-30T07:49:27.344,LOG,GRAVITY,wgv,wgv,wgv,bob_41316,228,seq,,,,ACK ABORT (red),0,0,,
884,2020-01-30T07:49:43.789,LOG,GRAVITY,wgv,wgv,wgv,bob_41316,228,seq,,,,OB started at 2020-01-30T07:49:43,0,0,,
885,2020-01-30T07:49:43.789,LOG,GRAVITY,wgv,wgv,wgv,bob_41316,228,seq,,,,(OBS.NAME: SCI_WWCha // OBS.ID: 2728367),0,0,,
886,2020-01-31T06:41:41.987,LOG,GRAVITY,wgv,wgv,wgv,bob_25568,144,seq,,,,(OBS.NAME: SCI_IW_Car_GRAVITY_medium_LOW-COMBINED // OBS.ID: 2533311),0,0,,
887,2020-01-29T18:21:56.354,LOG,GRAVITY,wgv,wgv,wgv,bob_ins,80,seq,,,,OB aborted after 428 seconds at 2020-01-29T18:21:50,0,0,,
888,2020-01-29T19:57:00.673,LOG,GRAVITY,wgv,wgv,wgv,bob_46930,120,seq,,,,(OBS.NAME: Calibration // OBS.ID: -1),0,0,,
889,2020-01-29T20:21:22.266,LOG,GRAVITY,wgv,wgv,wgv,bob_40731,68,seq,,,,OB started at 2020-01-29T20:21:22,0,0,,
890,2020-01-29T20:21:22.266,LOG,GRAVITY,wgv,wgv,wgv,bob_40731,68,seq,,,,(OBS.NAME: Calibration // OBS.ID: -1),0,0,,
891,2020-01-29T19:06:24.065,LOG,GRAVITY,wgv,wgv,wgv,bob_48223,216,seq,,,,OB aborted after 804 seconds at 2020-01-29T19:06:18,0,0,,
892,2020-01-29T19:08:52.891,LOG,GRAVITY,wgv,wgv,wgv,bob_48223,216,seq,,,,OB started at 2020-01-29T19:08:52,0,0,,
893,2020-01-29T19:08:52.892,LOG,GRAVITY,wgv,wgv,wgv,bob_48223,216,seq,,,,(OBS.NAME: ToO calibrations // OBS.ID: 200385148),0,0,,
894,2020-01-29T18:14:42.642,LOG,GRAVITY,wgv,wgv,wgv,bob_ins,80,seq,,,,(OBS.NAME: Calibration // OBS.ID: 200385148),0,0,,
895,2020-01-31T00:39:40.316,LOG,GRAVITY,wgv,wgv,wgv,bob_25568,144,seq,,,,OB started at 2020-01-31T00:39:40,0,0,,
896,2020-01-30T08:56:12.392,LOG,GRAVITY,wgv,wgv,wgv,bob_41316,228,seq,,,,(OBS.NAME: SCI_WWCha // OBS.ID: 2728367),0,0,,
897,2020-01-31T00:20:34.316,LOG,GRAVITY,wgv,wgv,wgv,bob_25568,144,seq,,,,OB aborted after 421 seconds at 2020-01-31T00:20:34,0,0,,
898,2020-01-31T00:38:57.356,LOG,GRAVITY,wgv,wgv,wgv,bob_25568,144,seq,,,,OB finished (TERMINATED) in 1038 seconds at 2020-01-31T00:38:57,0,0,,
899,2020-01-31T00:13:33.243,LOG,GRAVITY,wgv,wgv,wgv,bob_25568,144,seq,,,,(OBS.NAME: SCI_T_Lep // OBS.ID: 2744910),0,0,,
900,2020-01-30T08:35:05.794,LOG,GRAVITY,wgv,wgv,wgv,bob_41316,228,seq,,,,OB started at 2020-01-30T08:35:05,0,0,,
901,2020-01-31T00:28:45.415,LOG,GRAVITY,wgv,wgv,wgv,bob_25568,144,seq,,,,OB continued at 2020-01-31T00:28:45,0,0,,
902,2020-01-31T00:06:15.128,LOG,GRAVITY,wgv,wgv,wgv,bob_25568,144,seq,,,,OB paused at 2020-01-31T00:06:15,0,0,,
903,2020-01-31T00:21:39.715,LOG,GRAVITY,wgv,wgv,wgv,bob_25568,144,seq,,,,(OBS.NAME: SCI_T_Lep // OBS.ID: 2744910),0,0,,
904,2020-01-30T08:34:43.237,LOG,GRAVITY,wgv,wgv,wgv,bob_41316,228,seq,,,,OB finished (TERMINATED) in 2700 seconds at 2020-01-30T08:34:43,0,0,,
905,2020-01-31T02:51:43.852,LOG,GRAVITY,wgv,wgv,wgv,bob_25568,144,seq,,,,OB started at 2020-01-31T02:51:43,0,0,,
906,2020-01-31T02:51:43.852,LOG,GRAVITY,wgv,wgv,wgv,bob_25568,144,seq,,,,(OBS.NAME: CAL_HD45674 // OBS.ID: 2166047),0,0,,
907,2020-01-31T03:05:49.288,LOG,GRAVITY,wgv,wgv,wgv,bob_25568,144,seq,,,,OB finished (TERMINATED) in 846 seconds at 2020-01-31T03:05:49,0,0,,
908,2020-01-29T15:54:18.011,LOG,GRAVITY,wgv,wgv,wgv,bob_ins,80,seq,,,,OB started at 2020-01-29T15:54:18,0,0,,
909,2020-01-29T15:43:19.154,LOG,GRAVITY,wgv,wgv,wgv,bob_ins,80,seq,,,,(OBS.NAME: Calibration // OBS.ID: 200385148),0,0,,
910,2020-01-29T15:51:18.929,LOG,GRAVITY,wgv,wgv,wgv,bob_ins,80,seq,,,,OB aborted after 427 seconds at 2020-01-29T15:50:26,0,0,,
911,2020-01-29T05:53:10.739,LOG,GRAVITY,wgv,wgv,wgv,bob_26564,143,seq,,,,ACK ABORT (red),0,0,,
912,2020-01-29T05:53:10.813,LOG,GRAVITY,wgv,wgv,wgv,bob_26564,143,seq,,,,OB aborted after 117 seconds at 2020-01-29T05:53:10,0,0,,
913,2020-01-30T14:02:41.550,LOG,GRAVITY,wgv,wgv,wgv,bob_ins,225,seq,,,,OB started at 2020-01-30T14:02:41,0,0,,
914,2020-01-29T06:04:03.360,LOG,GRAVITY,wgv,wgv,wgv,bob_26564,143,seq,,,,OB started at 2020-01-29T06:04:03,0,0,,
915,2020-01-29T06:04:03.360,LOG,GRAVITY,wgv,wgv,wgv,bob_26564,143,seq,,,,(OBS.NAME: SCI-Z_CMA // OBS.ID: 2731198),0,0,,
916,2020-01-30T09:48:38.061,LOG,GRAVITY,wgv,wgv,wgv,bob_41316,228,seq,,,,ERROR: ACK ABORT (red),0,0,,
917,2020-01-31T04:08:52.818,LOG,GRAVITY,wgv,wgv,wgv,bob_25568,144,seq,,,,OB finished (TERMINATED) in 877 seconds at 2020-01-31T04:08:52,0,0,,
918,2020-01-31T01:03:56.610,LOG,GRAVITY,wgv,wgv,wgv,bob_25568,144,seq,,,,OB paused at 2020-01-31T01:03:56,0,0,,
919,2020-01-31T01:19:26.143,LOG,GRAVITY,wgv,wgv,wgv,bob_25568,144,seq,,,,OB paused at 2020-01-31T01:19:26,0,0,,
920,2020-01-31T00:57:20.519,LOG,GRAVITY,wgv,wgv,wgv,bob_25568,144,seq,,,,(OBS.NAME: CAL_HD32436 // OBS.ID: 2744916),0,0,,
921,2020-01-31T01:33:34.934,LOG,GRAVITY,wgv,wgv,wgv,bob_25568,144,seq,,,,(OBS.NAME: CAL_HD29085 // OBS.ID: 2744907),0,0,,
922,2020-01-31T00:43:36.687,LOG,GRAVITY,wgv,wgv,wgv,bob_25568,144,seq,,,,OB aborted after 205 seconds at 2020-01-31T00:43:05,0,0,,
923,2020-01-31T00:57:10.868,LOG,GRAVITY,wgv,wgv,wgv,bob_25568,144,seq,,,,OB paused at 2020-01-31T00:57:10,0,0,,
924,2020-01-31T01:29:42.598,LOG,GRAVITY,wgv,wgv,wgv,bob_25568,144,seq,,,,OB finished (TERMINATED) in 1051 seconds at 2020-01-31T01:29:42,0,0,,
925,2020-01-31T00:44:29.518,LOG,GRAVITY,wgv,wgv,wgv,bob_25568,144,seq,,,,OB started at 2020-01-31T00:44:29,0,0,,
926,2020-01-31T00:44:29.519,LOG,GRAVITY,wgv,wgv,wgv,bob_25568,144,seq,,,,(OBS.NAME: CAL_eps_Lep // OBS.ID: 2744913),0,0,,
927,2020-01-31T01:29:58.515,LOG,GRAVITY,wgv,wgv,wgv,bob_25568,144,seq,,,,OB started at 2020-01-31T01:29:58,0,0,,
928,2020-01-31T06:11:21.115,LOG,GRAVITY,wgv,wgv,wgv,bob_25568,144,seq,,,,(OBS.NAME: SCI_IW_Car_GRAVITY_medium_LOW-COMBINED // OBS.ID: 2533311),0,0,,
929,2020-01-31T06:13:13.887,LOG,GRAVITY,wgv,wgv,wgv,bob_25568,144,seq,,,,ERROR: ACK ABORT (red),0,0,,
930,2020-01-31T06:28:47.400,LOG,GRAVITY,wgv,wgv,wgv,bob_25568,144,seq,,,,(OBS.NAME: SCI_IW_Car_GRAVITY_medium_LOW-COMBINED // OBS.ID: 2533311),0,0,,
931,2020-01-31T06:29:24.058,LOG,GRAVITY,wgv,wgv,wgv,bob_25568,144,seq,,,,OB aborted after 34 seconds at 2020-01-31T06:29:21,0,0,,
932,2020-01-30T09:48:38.067,LOG,GRAVITY,wgv,wgv,wgv,bob_41316,228,seq,,,,ACK ABORT (red),0,0,,
933,2020-01-30T09:02:35.378,LOG,GRAVITY,wgv,wgv,wgv,bob_41316,228,seq,,,,OB paused at 2020-01-30T09:02:35,0,0,,
934,2020-01-31T01:51:07.739,LOG,GRAVITY,wgv,wgv,wgv,bob_25568,144,seq,,,,(OBS.NAME: SCI_HIP21644 // OBS.ID: 2317974),0,0,,
935,2020-01-30T14:00:19.127,LOG,GRAVITY,wgv,wgv,wgv,bob_ins,225,seq,,,,OB started at 2020-01-30T14:00:19,0,0,,
936,2020-01-30T09:48:38.144,LOG,GRAVITY,wgv,wgv,wgv,bob_41316,228,seq,,,,OB aborted after 3042 seconds at 2020-01-30T09:48:38,0,0,,
937,2020-01-30T14:38:45.363,LOG,GRAVITY,wgv,wgv,wgv,bob_ins,225,seq,,,,OB started at 2020-01-30T14:38:45,0,0,,
938,2020-01-30T14:38:45.363,LOG,GRAVITY,wgv,wgv,wgv,bob_ins,225,seq,,,,(OBS.NAME: ToO calibrations // OBS.ID: 200385148),0,0,,
939,2020-01-30T14:01:38.862,LOG,GRAVITY,wgv,wgv,wgv,bob_ins,225,seq,,,,OB aborted after 53 seconds at 2020-01-30T14:01:12,0,0,,
940,2020-01-30T14:52:57.245,LOG,GRAVITY,wgv,wgv,wgv,bob_ins,225,seq,,,,OB started at 2020-01-30T14:52:57,0,0,,
941,2020-01-30T15:01:05.413,LOG,GRAVITY,wgv,wgv,wgv,bob_ins,225,seq,,,,OB finished (TERMINATED) in 488 seconds at 2020-01-30T15:01:05,0,0,,
942,2020-01-30T14:02:41.550,LOG,GRAVITY,wgv,wgv,wgv,bob_ins,225,seq,,,,(OBS.NAME: ToO calibrations // OBS.ID: 200385148),0,0,,
943,2020-01-30T14:37:14.743,LOG,GRAVITY,wgv,wgv,wgv,bob_ins,225,seq,,,,OB aborted after 52 seconds at 2020-01-30T14:03:33,0,0,,
944,2020-01-30T06:47:13.639,LOG,GRAVITY,wgv,wgv,wgv,bob_1316,108,seq,,,,(OBS.NAME: SCI_WWCha // OBS.ID: 2728367),0,0,,
945,2020-01-30T06:26:36.116,LOG,GRAVITY,wgv,wgv,wgv,bob_1316,108,seq,,,,OB started at 2020-01-30T06:26:36,0,0,,
946,2020-01-30T07:01:20.263,LOG,GRAVITY,wgv,wgv,wgv,bob_1316,108,seq,,,,OB started at 2020-01-30T07:01:20,0,0,,
947,2020-01-30T06:20:44.415,LOG,GRAVITY,wgv,wgv,wgv,bob_1316,108,seq,,,,(OBS.NAME: SCI_HPCha_D0G2J3K0_HIGH // OBS.ID: 2731542),0,0,,
948,2020-01-31T03:05:56.044,LOG,GRAVITY,wgv,wgv,wgv,bob_25568,144,seq,,,,(OBS.NAME: SCI_MWC158 // OBS.ID: 2166050),0,0,,
949,2020-01-30T06:46:01.430,LOG,GRAVITY,wgv,wgv,wgv,bob_1316,108,seq,,,,ERROR: ACK ABORT (red),0,0,,
950,2020-01-30T06:46:01.434,LOG,GRAVITY,wgv,wgv,wgv,bob_1316,108,seq,,,,ACK ABORT (red),0,0,,
951,2020-01-30T06:31:38.400,LOG,GRAVITY,wgv,wgv,wgv,bob_1316,108,seq,,,,OB continued at 2020-01-30T06:31:38,0,0,,
952,2020-01-30T07:16:25.967,LOG,GRAVITY,wgv,wgv,wgv,bob_1316,108,seq,,,,OB aborted after 893 seconds at 2020-01-30T07:16:13,0,0,,
953,2020-01-30T07:25:24.162,LOG,GRAVITY,wgv,wgv,wgv,bob_1316,108,seq,,,,OB started at 2020-01-30T07:25:24,0,0,,
954,2020-01-30T07:25:24.162,LOG,GRAVITY,wgv,wgv,wgv,bob_1316,108,seq,,,,(OBS.NAME: SCI_WWCha // OBS.ID: 2728367),0,0,,
955,2020-01-31T02:51:23.157,LOG,GRAVITY,wgv,wgv,wgv,bob_25568,144,seq,,,,OB finished (TERMINATED) in 3305 seconds at 2020-01-31T02:51:23,0,0,,
956,2020-01-30T07:49:16.661,LOG,GRAVITY,wgv,wgv,wgv,bob_41316,228,seq,,,,OB started at 2020-01-30T07:49:16,0,0,,
957,2020-01-30T07:49:16.661,LOG,GRAVITY,wgv,wgv,wgv,bob_41316,228,seq,,,,(OBS.NAME: SCI_WWCha // OBS.ID: 2728367),0,0,,
958,2020-01-29T13:29:16.787,LOG,GRAVITY,wgv,wgv,wgv,bob_ins,80,seq,,,,OB finished (TERMINATED) in 14714 seconds at 2020-01-29T13:29:16,0,0,,
959,2020-01-29T13:42:07.382,LOG,GRAVITY,wgv,wgv,wgv,bob_ins,80,seq,,,,(OBS.NAME: Calibration // OBS.ID: 200385148),0,0,,
960,2020-01-30T07:49:27.410,LOG,GRAVITY,wgv,wgv,wgv,bob_41316,228,seq,,,,OB aborted after 11 seconds at 2020-01-30T07:49:27,0,0,,
961,2020-01-30T13:48:29.326,LOG,GRAVITY,wgv,wgv,wgv,bob_ins,225,seq,,,,OB started at 2020-01-30T13:48:29,0,0,,
962,2020-01-30T05:57:17.135,LOG,GRAVITY,wgv,wgv,wgv,bob_1316,108,seq,,,,OB finished (TERMINATED) in 1025 seconds at 2020-01-30T05:57:17,0,0,,
963,2020-01-30T05:57:24.740,LOG,GRAVITY,wgv,wgv,wgv,bob_1316,108,seq,,,,OB started at 2020-01-30T05:57:24,0,0,,
964,2020-01-30T05:57:24.741,LOG,GRAVITY,wgv,wgv,wgv,bob_1316,108,seq,,,,(OBS.NAME: SCI_HPCha_D0G2J3K0_HIGH // OBS.ID: 2731542),0,0,,
965,2020-01-31T03:54:15.691,LOG,GRAVITY,wgv,wgv,wgv,bob_25568,144,seq,,,,(OBS.NAME: CAL_HD54878 // OBS.ID: 2166053),0,0,,
966,2020-01-31T03:54:07.359,LOG,GRAVITY,wgv,wgv,wgv,bob_25568,144,seq,,,,OB finished (TERMINATED) in 2891 seconds at 2020-01-31T03:54:07,0,0,,
967,2020-01-30T04:45:29.962,LOG,GRAVITY,wgv,wgv,wgv,bob_353,225,seq,,,,(OBS.NAME: CAL_HPCha_HD98143_D0G2J3K0_HIGH // OBS.ID: 2731545),0,0,,
968,2020-01-30T04:45:29.962,LOG,GRAVITY,wgv,wgv,wgv,bob_353,225,seq,,,,OB started at 2020-01-30T04:45:29,0,0,,
969,2020-01-30T13:48:29.326,LOG,GRAVITY,wgv,wgv,wgv,bob_ins,225,seq,,,,(OBS.NAME: ToO calibrations // OBS.ID: 200385148),0,0,,
970,2020-01-29T08:41:09.173,LOG,GRAVITY,wgv,wgv,wgv,bob_ins,132,seq,,,,(OBS.NAME: ToO calibrations // OBS.ID: 200385148),0,0,,
971,2020-01-30T14:00:19.127,LOG,GRAVITY,wgv,wgv,wgv,bob_ins,225,seq,,,,(OBS.NAME: ToO calibrations // OBS.ID: 200385148),0,0,,
972,2020-01-30T14:00:02.141,LOG,GRAVITY,wgv,wgv,wgv,bob_ins,225,seq,,,,OB aborted after 56 seconds at 2020-01-30T13:49:25,0,0,,
973,2020-01-29T08:45:26.922,LOG,GRAVITY,wgv,wgv,wgv,bob_ins,132,seq,,,,OB aborted after 239 seconds at 2020-01-29T08:45:08,0,0,,
974,2020-01-30T05:22:29.108,LOG,GRAVITY,wgv,wgv,wgv,bob_1316,108,seq,,,,OB paused at 2020-01-30T05:22:29,0,0,,
975,2020-01-30T08:35:05.795,LOG,GRAVITY,wgv,wgv,wgv,bob_41316,228,seq,,,,(OBS.NAME: CAL_HD99556 // OBS.ID: 2728370),0,0,,
976,2020-01-30T16:52:36.284,LOG,GRAVITY,wgv,wgv,wgv,bob_ins,225,seq,,,,OB finished (TERMINATED) in 6691 seconds at 2020-01-30T16:52:36,0,0,,
977,2020-01-30T14:39:56.628,LOG,GRAVITY,wgv,wgv,wgv,bob_ins,225,seq,,,,OB aborted after 46 seconds at 2020-01-30T14:39:31,0,0,,
978,2020-01-30T23:49:38.086,LOG,GRAVITY,wgv,wgv,wgv,bob_25568,144,seq,,,,OB started at 2020-01-30T23:49:38,0,0,,
979,2020-01-30T23:49:38.086,LOG,GRAVITY,wgv,wgv,wgv,bob_25568,144,seq,,,,(OBS.NAME: CAL_HD29085 // OBS.ID: 2744907),0,0,,
980,2020-01-31T00:06:22.808,LOG,GRAVITY,wgv,wgv,wgv,bob_25568,144,seq,,,,OB continued at 2020-01-31T00:06:22,0,0,,
981,2020-01-31T03:54:15.691,LOG,GRAVITY,wgv,wgv,wgv,bob_25568,144,seq,,,,OB started at 2020-01-31T03:54:15,0,0,,
982,2020-01-31T00:21:39.715,LOG,GRAVITY,wgv,wgv,wgv,bob_25568,144,seq,,,,OB started at 2020-01-31T00:21:39,0,0,,
983,2020-01-30T19:18:09.763,LOG,GRAVITY,wgv,wgv,wgv,bob_25568,144,seq,,,,OB started at 2020-01-30T19:18:09,0,0,,
984,2020-01-31T00:39:16.163,LOG,GRAVITY,wgv,wgv,wgv,bob_25568,144,seq,,,,(OBS.NAME: SCI_T_Lep // OBS.ID: 2744910),0,0,,
985,2020-01-31T00:13:21.503,LOG,GRAVITY,wgv,wgv,wgv,bob_25568,144,seq,,,,OB finished (TERMINATED) in 1423 seconds at 2020-01-31T00:13:21,0,0,,
986,2020-01-31T00:39:24.904,LOG,GRAVITY,wgv,wgv,wgv,bob_25568,144,seq,,,,OB finished (TERMINATED) in 8 seconds at 2020-01-31T00:39:24,0,0,,
987,2020-01-30T14:52:57.245,LOG,GRAVITY,wgv,wgv,wgv,bob_ins,225,seq,,,,(OBS.NAME: ToO calibrations // OBS.ID: 200385148),0,0,,
988,2020-01-30T15:01:05.450,LOG,GRAVITY,wgv,wgv,wgv,bob_ins,225,seq,,,,OB started at 2020-01-30T15:01:05,0,0,,
989,2020-01-30T15:01:05.450,LOG,GRAVITY,wgv,wgv,wgv,bob_ins,225,seq,,,,(OBS.NAME: Calibration // OBS.ID: 200385148),0,0,,
990,2020-01-31T01:04:57.733,LOG,GRAVITY,wgv,wgv,wgv,bob_25568,144,seq,,,,OB continued at 2020-01-31T01:04:57,0,0,,
991,2020-01-31T01:11:54.863,LOG,GRAVITY,wgv,wgv,wgv,bob_25568,144,seq,,,,OB finished (TERMINATED) in 874 seconds at 2020-01-31T01:11:54,0,0,,
992,2020-01-31T00:57:20.519,LOG,GRAVITY,wgv,wgv,wgv,bob_25568,144,seq,,,,OB started at 2020-01-31T00:57:20,0,0,,
993,2020-01-31T01:12:11.429,LOG,GRAVITY,wgv,wgv,wgv,bob_25568,144,seq,,,,(OBS.NAME: SCI_T_Lep // OBS.ID: 2744910),0,0,,
994,2020-01-31T06:11:21.115,LOG,GRAVITY,wgv,wgv,wgv,bob_25568,144,seq,,,,OB started at 2020-01-31T06:11:21,0,0,,
995,2020-01-31T01:52:20.376,LOG,GRAVITY,wgv,wgv,wgv,bob_25568,144,seq,,,,OB aborted after 67 seconds at 2020-01-31T01:52:14,0,0,,
996,2020-01-31T01:19:29.880,LOG,GRAVITY,wgv,wgv,wgv,bob_25568,144,seq,,,,OB continued at 2020-01-31T01:19:29,0,0,,
997,2020-01-31T01:29:58.516,LOG,GRAVITY,wgv,wgv,wgv,bob_25568,144,seq,,,,(OBS.NAME: SCI_T_Lep // OBS.ID: 2744910),0,0,,
998,2020-01-31T01:56:18.559,LOG,GRAVITY,wgv,wgv,wgv,bob_25568,144,seq,,,,OB started at 2020-01-31T01:56:18,0,0,,
999,2020-01-31T06:31:31.477,LOG,GRAVITY,wgv,wgv,wgv,bob_25568,144,seq,,,,(OBS.NAME: SCI_IW_Car_GRAVITY_medium_LOW-COMBINED // OBS.ID: 2533311),0,0,,
1000,2020-01-31T06:15:15.073,LOG,GRAVITY,wgv,wgv,wgv,bob_25568,144,seq,,,,OB aborted after 90 seconds at 2020-01-31T06:14:53,0,0,,
1001,2020-01-31T06:13:13.964,LOG,GRAVITY,wgv,wgv,wgv,bob_25568,144,seq,,,,OB aborted after 112 seconds at 2020-01-31T06:13:13,0,0,,
1002,2020-01-31T06:38:07.401,LOG,GRAVITY,wgv,wgv,wgv,bob_25568,144,seq,,,,(OBS.NAME: SCI_IW_Car_GRAVITY_medium_LOW-COMBINED // OBS.ID: 2533311),0,0,,
1003,2020-01-31T08:18:20.106,LOG,GRAVITY,wgv,wgv,wgv,bob_4075,116,seq,,,,(OBS.NAME: CAL_HD_94645_GRAVITY_medium_HIGH-COMBINED // OBS.ID: 2535213),0,0,,
1004,2020-01-31T07:04:10.448,LOG,GRAVITY,wgv,wgv,wgv,bob_25568,144,seq,,,,OB paused at 2020-01-31T07:04:10,0,0,,
1005,2020-01-31T10:23:12.447,LOG,GRAVITY,wgv,wgv,wgv,bob_ins,225,seq,,,,OB started at 2020-01-31T10:23:12,0,0,,
1006,2020-01-31T10:23:12.447,LOG,GRAVITY,wgv,wgv,wgv,bob_ins,225,seq,,,,(OBS.NAME: Calibration // OBS.ID: 200385148),0,0,,
1007,2020-01-31T07:14:28.459,LOG,GRAVITY,wgv,wgv,wgv,bob_25568,144,seq,,,,(OBS.NAME: CAL_HD_81280_GRAVITY_medium_LOW-COMBINED // OBS.ID: 2534955),0,0,,
1008,2020-01-31T07:17:24.783,LOG,GRAVITY,wgv,wgv,wgv,bob_25568,144,seq,,,,OB started at 2020-01-31T07:17:24,0,0,,
1009,2020-01-31T07:22:26.601,LOG,GRAVITY,wgv,wgv,wgv,bob_25568,144,seq,,,,OB continued at 2020-01-31T07:22:26,0,0,,
1010,2020-01-31T07:35:31.783,LOG,GRAVITY,wgv,wgv,wgv,bob_4075,116,seq,,,,(OBS.NAME: CAL_HD_81280_GRAVITY_medium_LOW-COMBINED // OBS.ID: 2534955),0,0,,
1011,2020-01-31T07:54:50.505,LOG,GRAVITY,wgv,wgv,wgv,bob_4075,116,seq,,,,OB started at 2020-01-31T07:54:50,0,0,,
1012,2020-01-31T07:59:37.324,LOG,GRAVITY,wgv,wgv,wgv,bob_4075,116,seq,,,,OB continued at 2020-01-31T07:59:37,0,0,,
1013,2020-01-31T06:28:47.400,LOG,GRAVITY,wgv,wgv,wgv,bob_25568,144,seq,,,,OB started at 2020-01-31T06:28:47,0,0,,
1014,2020-01-31T07:05:02.329,LOG,GRAVITY,wgv,wgv,wgv,bob_25568,144,seq,,,,OB continued at 2020-01-31T07:05:02,0,0,,
1015,2020-01-31T06:32:43.767,LOG,GRAVITY,wgv,wgv,wgv,bob_25568,144,seq,,,,OB aborted after 69 seconds at 2020-01-31T06:32:40,0,0,,
1016,2020-01-31T06:13:13.891,LOG,GRAVITY,wgv,wgv,wgv,bob_25568,144,seq,,,,ACK ABORT (red),0,0,,
1017,2020-01-31T06:38:07.401,LOG,GRAVITY,wgv,wgv,wgv,bob_25568,144,seq,,,,OB started at 2020-01-31T06:38:07,0,0,,
1018,2020-01-31T06:39:15.040,LOG,GRAVITY,wgv,wgv,wgv,bob_25568,144,seq,,,,OB aborted after 63 seconds at 2020-01-31T06:39:10,0,0,,
1019,2020-01-31T06:59:39.922,LOG,GRAVITY,wgv,wgv,wgv,bob_25568,144,seq,,,,OB started at 2020-01-31T06:59:39,0,0,,
1020,2020-01-31T06:41:41.987,LOG,GRAVITY,wgv,wgv,wgv,bob_25568,144,seq,,,,OB started at 2020-01-31T06:41:41,0,0,,
1021,2020-01-31T15:25:23.213,LOG,GRAVITY,wgv,wgv,wgv,bob_ins,225,seq,,,,(OBS.NAME: Calibration // OBS.ID: 200385148),0,0,,
1022,2020-01-31T07:14:28.459,LOG,GRAVITY,wgv,wgv,wgv,bob_25568,144,seq,,,,OB started at 2020-01-31T07:14:28,0,0,,
1023,2020-01-31T06:13:23.057,LOG,GRAVITY,wgv,wgv,wgv,bob_25568,144,seq,,,,OB started at 2020-01-31T06:13:23,0,0,,
1024,2020-01-31T06:13:23.057,LOG,GRAVITY,wgv,wgv,wgv,bob_25568,144,seq,,,,(OBS.NAME: SCI_IW_Car_GRAVITY_medium_LOW-COMBINED // OBS.ID: 2533311),0,0,,
1025,2020-01-31T06:31:31.476,LOG,GRAVITY,wgv,wgv,wgv,bob_25568,144,seq,,,,OB started at 2020-01-31T06:31:31,0,0,,
1026,2020-01-31T17:41:46.593,LOG,GRAVITY,wgv,wgv,wgv,bob_ins,225,seq,,,,OB continued at 2020-01-31T17:41:46,0,0,,
1027,2020-01-31T14:41:28.257,LOG,GRAVITY,wgv,wgv,wgv,bob_ins,225,seq,,,,OB started at 2020-01-31T14:41:28,0,0,,
1028,2020-01-31T14:41:28.257,LOG,GRAVITY,wgv,wgv,wgv,bob_ins,225,seq,,,,(OBS.NAME: ToO calibrations // OBS.ID: 200385148),0,0,,
1029,2020-01-31T17:41:15.608,LOG,GRAVITY,wgv,wgv,wgv,bob_ins,225,seq,,,,OB paused at 2020-01-31T17:41:15,0,0,,
1030,2020-01-31T08:53:08.958,LOG,GRAVITY,wgv,wgv,wgv,bob_ins,225,seq,,,,(OBS.NAME: ToO calibrations // OBS.ID: 200385148),0,0,,
1031,2020-01-31T08:53:08.958,LOG,GRAVITY,wgv,wgv,wgv,bob_ins,225,seq,,,,OB started at 2020-01-31T08:53:08,0,0,,
1032,2020-01-31T20:22:11.726,LOG,GRAVITY,wgv,wgv,wgv,bob_38430,87,seq,,,,OB finished (TERMINATED) in 3606 seconds at 2020-01-31T20:22:11,0,0,,
1033,2020-01-31T14:39:41.623,LOG,GRAVITY,wgv,wgv,wgv,bob_ins,225,seq,,,,OB started at 2020-01-31T14:39:41,0,0,,
1034,2020-01-31T14:39:41.623,LOG,GRAVITY,wgv,wgv,wgv,bob_ins,225,seq,,,,(OBS.NAME: Calibration // OBS.ID: 200385148),0,0,,
1035,2020-01-31T10:23:12.413,LOG,GRAVITY,wgv,wgv,wgv,bob_ins,225,seq,,,,OB finished (TERMINATED) in 5404 seconds at 2020-01-31T10:23:12,0,0,,
1036,2020-01-31T14:40:59.151,LOG,GRAVITY,wgv,wgv,wgv,bob_ins,225,seq,,,,OB aborted after 76 seconds at 2020-01-31T14:40:57,0,0,,
1037,2020-01-31T12:26:27.874,LOG,GRAVITY,wgv,wgv,wgv,bob_ins,225,seq,,,,OB finished (TERMINATED) in 7395 seconds at 2020-01-31T12:26:27,0,0,,
1038,2020-01-31T17:33:00.675,LOG,GRAVITY,wgv,wgv,wgv,bob_ins,225,seq,,,,OB started at 2020-01-31T17:33:00,0,0,,
1039,2020-01-31T17:33:00.675,LOG,GRAVITY,wgv,wgv,wgv,bob_ins,225,seq,,,,(OBS.NAME: Calibration // OBS.ID: 2651220),0,0,,
1040,2020-01-31T15:25:23.164,LOG,GRAVITY,wgv,wgv,wgv,bob_ins,225,seq,,,,OB finished (TERMINATED) in 2635 seconds at 2020-01-31T15:25:23,0,0,,
1041,2020-01-31T15:25:23.213,LOG,GRAVITY,wgv,wgv,wgv,bob_ins,225,seq,,,,OB started at 2020-01-31T15:25:23,0,0,,
1042,2020-01-31T16:06:50.712,LOG,GRAVITY,wgv,wgv,wgv,bob_ins,225,seq,,,,OB finished (TERMINATED) in 2487 seconds at 2020-01-31T16:06:50,0,0,,
1043,2020-01-31T18:15:24.355,LOG,GRAVITY,wgv,wgv,wgv,bob_ins,225,seq,,,,OB aborted after 2526 seconds at 2020-01-31T18:15:06,0,0,,
1044,2020-01-31T18:55:08.107,LOG,GRAVITY,wgv,wgv,wgv,bob_ins,225,seq,,,,OB finished (TERMINATED) in 2175 seconds at 2020-01-31T18:55:08,0,0,,
1045,2020-01-31T18:18:53.007,LOG,GRAVITY,wgv,wgv,wgv,bob_ins,225,seq,,,,OB started at 2020-01-31T18:18:53,0,0,,
1046,2020-01-31T18:18:53.008,LOG,GRAVITY,wgv,wgv,wgv,bob_ins,225,seq,,,,(OBS.NAME: Calibration // OBS.ID: 2651220),0,0,,
1047,2020-01-31T19:22:05.382,LOG,GRAVITY,wgv,wgv,wgv,bob_38430,87,seq,,,,OB started at 2020-01-31T19:22:05,0,0,,
1048,2020-01-31T19:22:05.382,LOG,GRAVITY,wgv,wgv,wgv,bob_38430,87,seq,,,,(OBS.NAME: Calibration // OBS.ID: -1),0,0,,
